0.000000 18.000000 3.000000 2.303835 -0.000000 -0.000000 0.000000 0.037596 
0.007968 17.999965 3.000039 2.303808 0.013170 -0.010732 -0.006707 -0.394801 
0.015936 17.999859 3.000156 2.303728 0.026399 -0.021509 -0.013443 -0.394777 
0.023904 17.999683 3.000352 2.303594 0.039686 -0.032329 -0.020205 -0.394735 
0.031872 17.999436 3.000626 2.303406 0.053031 -0.043189 -0.026993 -0.394678 
0.039840 17.999118 3.000980 2.303163 0.066435 -0.054088 -0.033805 -0.394603 
0.047808 17.998728 3.001414 2.302867 0.079897 -0.065023 -0.040640 -0.394511 
0.055776 17.998267 3.001927 2.302516 0.093418 -0.075992 -0.047495 -0.394403 
0.063744 17.997734 3.002521 2.302110 0.106997 -0.086992 -0.054370 -0.394277 
0.071712 17.997128 3.003197 2.301649 0.120635 -0.098021 -0.061263 -0.394134 
0.079680 17.996450 3.003953 2.301134 0.134331 -0.109077 -0.068173 -0.393974 
0.087648 17.995700 3.004791 2.300563 0.148086 -0.120156 -0.075097 -0.393797 
0.095616 17.994877 3.005712 2.299937 0.161899 -0.131256 -0.082035 -0.393601 
0.103584 17.993981 3.006716 2.299255 0.175772 -0.142375 -0.088984 -0.393389 
0.111552 17.993012 3.007802 2.298519 0.189703 -0.153510 -0.095944 -0.393158 
0.119520 17.991970 3.008973 2.297726 0.203693 -0.164659 -0.102912 -0.392909 
0.127488 17.990855 3.010228 2.296879 0.217742 -0.175818 -0.109886 -0.392642 
0.135456 17.989666 3.011568 2.295975 0.231850 -0.186985 -0.116865 -0.392357 
0.143423 17.988404 3.012993 2.295016 0.246017 -0.198157 -0.123848 -0.392053 
0.151391 17.987069 3.014505 2.294002 0.260243 -0.209331 -0.130832 -0.391730 
0.159359 17.985660 3.016103 2.292931 0.274529 -0.220506 -0.137816 -0.391389 
0.167327 17.984177 3.017788 2.291805 0.288874 -0.231676 -0.144798 -0.391028 
0.175295 17.982621 3.019561 2.290624 0.303278 -0.242841 -0.151776 -0.390648 
0.183263 17.980991 3.021422 2.289387 0.317743 -0.253997 -0.158748 -0.390249 
0.191231 17.979287 3.023372 2.288094 0.332267 -0.265140 -0.165712 -0.389830 
0.199199 17.977510 3.025413 2.286746 0.346851 -0.276268 -0.172668 -0.389391 
0.207167 17.975659 3.027543 2.285343 0.361495 -0.287378 -0.179611 -0.388932 
0.215135 17.973735 3.029764 2.283884 0.376200 -0.298467 -0.186542 -0.388453 
0.223103 17.971738 3.032078 2.282370 0.390965 -0.309531 -0.193457 -0.387953 
0.231071 17.969667 3.034483 2.280801 0.405791 -0.320568 -0.200355 -0.387432 
0.239039 17.967522 3.036982 2.279177 0.420678 -0.331575 -0.207234 -0.386890 
0.247007 17.965305 3.039574 2.277498 0.435626 -0.342547 -0.214092 -0.386327 
0.254975 17.963015 3.042262 2.275765 0.450635 -0.353483 -0.220927 -0.385742 
0.262943 17.960652 3.045044 2.273978 0.465706 -0.364378 -0.227736 -0.385135 
0.270911 17.958216 3.047923 2.272136 0.480838 -0.375230 -0.234519 -0.384507 
0.278879 17.955707 3.050899 2.270241 0.496033 -0.386034 -0.241271 -0.383856 
0.286847 17.953127 3.053972 2.268291 0.511291 -0.396789 -0.247993 -0.383182 
0.294815 17.950474 3.057144 2.266289 0.526611 -0.407490 -0.254681 -0.382486 
0.302783 17.947750 3.060415 2.264233 0.541994 -0.418134 -0.261334 -0.381766 
0.310751 17.944953 3.063787 2.262124 0.557441 -0.428718 -0.267949 -0.381023 
0.318719 17.942086 3.067259 2.259963 0.572951 -0.439238 -0.274524 -0.380256 
0.326687 17.939147 3.070834 2.257750 0.588526 -0.449691 -0.281057 -0.379465 
0.334655 17.936138 3.074511 2.255484 0.604165 -0.460073 -0.287546 -0.378650 
0.342623 17.933059 3.078292 2.253167 0.619868 -0.470381 -0.293988 -0.377811 
0.350591 17.929909 3.082177 2.250799 0.635637 -0.480612 -0.300382 -0.376947 
0.358559 17.926689 3.086169 2.248381 0.651472 -0.490761 -0.306726 -0.376057 
0.366527 17.923400 3.090266 2.245912 0.667373 -0.500827 -0.313017 -0.375142 
0.374495 17.920043 3.094471 2.243393 0.683341 -0.510804 -0.319252 -0.374202 
0.382463 17.916616 3.098784 2.240824 0.699375 -0.520690 -0.325431 -0.373235 
0.390431 17.913121 3.103207 2.238207 0.715477 -0.530480 -0.331550 -0.372243 
0.398399 17.909559 3.107740 2.235541 0.731647 -0.540173 -0.337608 -0.371223 
0.406367 17.905929 3.112384 2.232827 0.747885 -0.549763 -0.343602 -0.370177 
0.414335 17.902233 3.117141 2.230065 0.764192 -0.559248 -0.349530 -0.369104 
0.422303 17.898470 3.122011 2.227257 0.780569 -0.568624 -0.355390 -0.368004 
0.430270 17.894641 3.126995 2.224402 0.797016 -0.577887 -0.361179 -0.366876 
0.438238 17.890747 3.132094 2.221501 0.813533 -0.587035 -0.366897 -0.365720 
0.446206 17.886788 3.137310 2.218555 0.830122 -0.596063 -0.372540 -0.364536 
0.454174 17.882765 3.142644 2.215565 0.846782 -0.604969 -0.378106 -0.363324 
0.462142 17.878678 3.148096 2.212530 0.863514 -0.613749 -0.383593 -0.362083 
0.470110 17.874528 3.153668 2.209452 0.880320 -0.622399 -0.389000 -0.360813 
0.478078 17.870316 3.159360 2.206331 0.897198 -0.630917 -0.394323 -0.359514 
0.486046 17.866041 3.165174 2.203168 0.914151 -0.639299 -0.399562 -0.358186 
0.494014 17.861705 3.171111 2.199964 0.931178 -0.647541 -0.404713 -0.356828 
0.501982 17.857309 3.177172 2.196719 0.948280 -0.655641 -0.409776 -0.355441 
0.509950 17.852852 3.183358 2.193434 0.965458 -0.663595 -0.414747 -0.354024 
0.517918 17.848337 3.189671 2.190110 0.982712 -0.671401 -0.419626 -0.352576 
0.525886 17.843762 3.196111 2.186747 1.000044 -0.679055 -0.424409 -0.351099 
0.533854 17.839130 3.202679 2.183347 1.017452 -0.686554 -0.429096 -0.349591 
0.541822 17.834440 3.209377 2.179909 1.034939 -0.693895 -0.433684 -0.348053 
0.549790 17.829694 3.216206 2.176436 1.052505 -0.701075 -0.438172 -0.346484 
0.557758 17.824892 3.223167 2.172927 1.070150 -0.708092 -0.442558 -0.344885 
0.565726 17.820035 3.230261 2.169384 1.087875 -0.714943 -0.446839 -0.343254 
0.573694 17.815123 3.237490 2.165807 1.105681 -0.721625 -0.451015 -0.341593 
0.581662 17.810159 3.244853 2.162197 1.123567 -0.728135 -0.455084 -0.339901 
0.589630 17.805141 3.252354 2.158555 1.141535 -0.734471 -0.459044 -0.338178 
0.597598 17.800072 3.259992 2.154882 1.159585 -0.740630 -0.462894 -0.336424 
0.605566 17.794951 3.267770 2.151178 1.177718 -0.746610 -0.466631 -0.334638 
0.613534 17.789781 3.275688 2.147446 1.195934 -0.752409 -0.470256 -0.332822 
0.621502 17.784561 3.283747 2.143685 1.214234 -0.758025 -0.473765 -0.330976 
0.629470 17.779292 3.291949 2.139896 1.232618 -0.763455 -0.477159 -0.329098 
0.637438 17.773976 3.300294 2.136081 1.251087 -0.768697 -0.480435 -0.327189 
0.645406 17.768613 3.308785 2.132240 1.269640 -0.773749 -0.483593 -0.325250 
0.653374 17.763204 3.317422 2.128375 1.288279 -0.778611 -0.486632 -0.323281 
0.661342 17.757750 3.326206 2.124486 1.307004 -0.783279 -0.489549 -0.321281 
0.669310 17.752252 3.335138 2.120574 1.325815 -0.787752 -0.492345 -0.319251 
0.677278 17.746711 3.344221 2.116640 1.344713 -0.792029 -0.495018 -0.317191 
0.685246 17.741128 3.353454 2.112685 1.363697 -0.796108 -0.497567 -0.315102 
0.693214 17.735503 3.362840 2.108711 1.382768 -0.799988 -0.499992 -0.312983 
0.701182 17.729838 3.372378 2.104718 1.401927 -0.803668 -0.502292 -0.310835 
0.709149 17.724134 3.382071 2.100707 1.421172 -0.807146 -0.504467 -0.308658 
0.717117 17.718391 3.391920 2.096679 1.440506 -0.810423 -0.506514 -0.306453 
0.725085 17.712611 3.401926 2.092635 1.459927 -0.813496 -0.508435 -0.304220 
0.733053 17.706794 3.412089 2.088577 1.479435 -0.816365 -0.510228 -0.301959 
0.741021 17.700942 3.422412 2.084505 1.499032 -0.819030 -0.511893 -0.299670 
0.748989 17.695056 3.432895 2.080420 1.518716 -0.821489 -0.513431 -0.297355 
0.756957 17.689135 3.443539 2.076323 1.538487 -0.823743 -0.514839 -0.295014 
0.764925 17.683183 3.454346 2.072216 1.558345 -0.825791 -0.516119 -0.292647 
0.772893 17.677199 3.465316 2.068099 1.578291 -0.827633 -0.517271 -0.290255 
0.780861 17.671185 3.476451 2.063973 1.598323 -0.829270 -0.518293 -0.287838 
0.788829 17.665141 3.487752 2.059839 1.618442 -0.830700 -0.519187 -0.285396 
0.796797 17.659069 3.499220 2.055699 1.638647 -0.831924 -0.519953 -0.282932 
0.804765 17.652969 3.510856 2.051554 1.658938 -0.832943 -0.520589 -0.280444 
0.812733 17.646843 3.522660 2.047404 1.679313 -0.833757 -0.521098 -0.277934 
0.820701 17.640692 3.534635 2.043250 1.699773 -0.834365 -0.521478 -0.275402 
0.828669 17.634517 3.546781 2.039094 1.720317 -0.834770 -0.521731 -0.272850 
0.836637 17.628318 3.559099 2.034936 1.740944 -0.834972 -0.521857 -0.270278 
0.844605 17.622098 3.571590 2.030778 1.761652 -0.834971 -0.521857 -0.267686 
0.852573 17.615856 3.584255 2.026620 1.782443 -0.834768 -0.521730 -0.265075 
0.860541 17.609594 3.597095 2.022464 1.803313 -0.834365 -0.521478 -0.262447 
0.868509 17.603313 3.610111 2.018310 1.824263 -0.833762 -0.521101 -0.259802 
0.876477 17.597015 3.623304 2.014160 1.845290 -0.832961 -0.520601 -0.257140 
0.884445 17.590699 3.636674 2.010014 1.866395 -0.831963 -0.519977 -0.254463 
0.892413 17.584367 3.650224 2.005874 1.887575 -0.830770 -0.519231 -0.251772 
0.900381 17.578021 3.663952 2.001740 1.908829 -0.829383 -0.518364 -0.249067 
0.908349 17.571661 3.677862 1.997614 1.930156 -0.827803 -0.517377 -0.246349 
0.916317 17.565288 3.691952 1.993496 1.951554 -0.826032 -0.516270 -0.243619 
0.924285 17.558903 3.706225 1.989387 1.973022 -0.824072 -0.515045 -0.240878 
0.932253 17.552508 3.720680 1.985288 1.994557 -0.821925 -0.513703 -0.238126 
0.940221 17.546103 3.735318 1.981201 2.016158 -0.819593 -0.512246 -0.235366 
0.948189 17.539689 3.750141 1.977125 2.037823 -0.817077 -0.510673 -0.232597 
0.956157 17.533268 3.765149 1.973063 2.059549 -0.814380 -0.508988 -0.229821 
0.964125 17.526840 3.780342 1.969014 2.081336 -0.811504 -0.507190 -0.227038 
0.972093 17.520406 3.795722 1.964981 2.103180 -0.808451 -0.505282 -0.224250 
0.980061 17.513968 3.811288 1.960963 2.125079 -0.805223 -0.503264 -0.221457 
0.988029 17.507526 3.827042 1.956961 2.147031 -0.801822 -0.501139 -0.218660 
0.995996 17.501082 3.842984 1.952977 2.169033 -0.798252 -0.498907 -0.215860 
1.003964 17.494636 3.859114 1.949011 2.191084 -0.794513 -0.496571 -0.213058 
1.011932 17.488189 3.875433 1.945064 2.213179 -0.790609 -0.494131 -0.210255 
1.019900 17.481742 3.891942 1.941137 2.235316 -0.786542 -0.491589 -0.207451 
1.027868 17.475296 3.908640 1.937230 2.257493 -0.782315 -0.488947 -0.204649 
1.035836 17.468853 3.925529 1.933345 2.279706 -0.777930 -0.486206 -0.201847 
1.043804 17.462412 3.942608 1.929482 2.301952 -0.773390 -0.483369 -0.199048 
1.051772 17.455975 3.959878 1.925642 2.324228 -0.768697 -0.480436 -0.196253 
1.059740 17.449544 3.977340 1.921826 2.346532 -0.763854 -0.477409 -0.193461 
1.067708 17.443117 3.994992 1.918035 2.368858 -0.758864 -0.474290 -0.190674 
1.075676 17.436697 4.012837 1.914268 2.391205 -0.753729 -0.471080 -0.187892 
1.083644 17.430285 4.030873 1.910528 2.413569 -0.748452 -0.467782 -0.185117 
1.091612 17.423881 4.049101 1.906814 2.435945 -0.743036 -0.464397 -0.182349 
1.099580 17.417485 4.067521 1.903127 2.458331 -0.737483 -0.460927 -0.179589 
1.107548 17.411100 4.086133 1.899469 2.480722 -0.731797 -0.457373 -0.176837 
1.115516 17.404725 4.104937 1.895839 2.503114 -0.725979 -0.453737 -0.174095 
1.123484 17.398361 4.123934 1.892238 2.525505 -0.720034 -0.450021 -0.171362 
1.131452 17.392010 4.143122 1.888668 2.547889 -0.713963 -0.446227 -0.168640 
1.139420 17.385671 4.162503 1.885127 2.570262 -0.707769 -0.442356 -0.165929 
1.147388 17.379346 4.182075 1.881618 2.592621 -0.701455 -0.438410 -0.163230 
1.155356 17.373036 4.201839 1.878141 2.614962 -0.695025 -0.434390 -0.160543 
1.163324 17.366740 4.221794 1.874696 2.637279 -0.688480 -0.430300 -0.157870 
1.171292 17.360459 4.241940 1.871284 2.659569 -0.681823 -0.426140 -0.155210 
1.179260 17.354195 4.262278 1.867905 2.681827 -0.675058 -0.421911 -0.152563 
1.187228 17.347948 4.282805 1.864561 2.704049 -0.668187 -0.417617 -0.149932 
1.195196 17.341718 4.303523 1.861251 2.726230 -0.661213 -0.413258 -0.147315 
1.203164 17.335506 4.324430 1.857975 2.748366 -0.654138 -0.408837 -0.144714 
1.211132 17.329312 4.345527 1.854735 2.770452 -0.646966 -0.404354 -0.142128 
1.219100 17.323138 4.366812 1.851532 2.792483 -0.639700 -0.399812 -0.139559 
1.227068 17.316983 4.388285 1.848364 2.814456 -0.632341 -0.395213 -0.137007 
1.235036 17.310848 4.409946 1.845234 2.836365 -0.624893 -0.390558 -0.134472 
1.243004 17.304734 4.431794 1.842140 2.858205 -0.617358 -0.385849 -0.131954 
1.250972 17.298640 4.453828 1.839085 2.879973 -0.609740 -0.381088 -0.129454 
1.258940 17.292568 4.476047 1.836068 2.901662 -0.602042 -0.376276 -0.126972 
1.266908 17.286517 4.498451 1.833089 2.923269 -0.594265 -0.371416 -0.124508 
1.274875 17.280489 4.521038 1.830149 2.944789 -0.586413 -0.366508 -0.122063 
1.282843 17.274483 4.543809 1.827248 2.966218 -0.578489 -0.361556 -0.119637 
1.290811 17.268499 4.566762 1.824387 2.987550 -0.570496 -0.356560 -0.117230 
1.298779 17.262538 4.589895 1.821566 3.008781 -0.562436 -0.351523 -0.114843 
1.306747 17.256601 4.613209 1.818786 3.029906 -0.554312 -0.346445 -0.112475 
1.314715 17.250687 4.636702 1.816045 3.050922 -0.546128 -0.341330 -0.110127 
1.322683 17.244796 4.660373 1.813346 3.071822 -0.537886 -0.336179 -0.107799 
1.330651 17.238929 4.684221 1.810688 3.092604 -0.529590 -0.330994 -0.105492 
1.338619 17.233087 4.708245 1.808072 3.113263 -0.521241 -0.325776 -0.103205 
1.346587 17.227268 4.732444 1.805497 3.133794 -0.512844 -0.320528 -0.100938 
1.354555 17.221473 4.756816 1.802964 3.154194 -0.504402 -0.315251 -0.098693 
1.362523 17.215702 4.781360 1.800473 3.174457 -0.495918 -0.309949 -0.096468 
1.370491 17.209956 4.806075 1.798025 3.194582 -0.487394 -0.304621 -0.094265 
1.378459 17.204234 4.830959 1.795619 3.214562 -0.478835 -0.299272 -0.092083 
1.386427 17.198536 4.856012 1.793255 3.234396 -0.470244 -0.293903 -0.089922 
1.394395 17.192862 4.881232 1.790935 3.254079 -0.461625 -0.288515 -0.087784 
1.402363 17.187212 4.906617 1.788658 3.273608 -0.452980 -0.283112 -0.085667 
1.410331 17.181586 4.932166 1.786423 3.292979 -0.444314 -0.277696 -0.083573 
1.418299 17.175984 4.957878 1.784232 3.312190 -0.435631 -0.272269 -0.081500 
1.426267 17.170406 4.983751 1.782085 3.331238 -0.426934 -0.266834 -0.079451 
1.434235 17.164851 5.009784 1.779980 3.350121 -0.418228 -0.261393 -0.077424 
1.442203 17.159319 5.035974 1.777919 3.368835 -0.409517 -0.255948 -0.075420 
1.450171 17.153810 5.062321 1.775901 3.387378 -0.400806 -0.250504 -0.073440 
1.458139 17.148325 5.088823 1.773927 3.405750 -0.392098 -0.245061 -0.071483 
1.466107 17.142861 5.115479 1.771996 3.423947 -0.383399 -0.239624 -0.069550 
1.474075 17.137420 5.142286 1.770108 3.441968 -0.374714 -0.234196 -0.067642 
1.482043 17.132001 5.169243 1.768264 3.459813 -0.366048 -0.228780 -0.065758 
1.490011 17.126603 5.196349 1.766462 3.477481 -0.357406 -0.223379 -0.063899 
1.497979 17.121227 5.223602 1.764704 3.494971 -0.348794 -0.217996 -0.062066 
1.505947 17.115871 5.251000 1.762988 3.512282 -0.340218 -0.212636 -0.060259 
1.513915 17.110535 5.278543 1.761315 3.529415 -0.331684 -0.207303 -0.058478 
1.521883 17.105220 5.306227 1.759685 3.546371 -0.323199 -0.201999 -0.056724 
1.529851 17.099924 5.334052 1.758096 3.563151 -0.314768 -0.196730 -0.054998 
1.537819 17.094646 5.362015 1.756550 3.579755 -0.306401 -0.191500 -0.053300 
1.545787 17.089388 5.390116 1.755044 3.596186 -0.298102 -0.186314 -0.051632 
1.553755 17.084147 5.418353 1.753580 3.612446 -0.289882 -0.181176 -0.049993 
1.561722 17.078923 5.446725 1.752157 3.628537 -0.281747 -0.176092 -0.048384 
1.569690 17.073717 5.475229 1.750774 3.644462 -0.273706 -0.171066 -0.046807 
1.577658 17.068527 5.503864 1.749431 3.660225 -0.265768 -0.166105 -0.045262 
1.585626 17.063353 5.532629 1.748127 3.675831 -0.257943 -0.161214 -0.043750 
1.593594 17.058193 5.561523 1.746862 3.691284 -0.250239 -0.156400 -0.042273 
1.601562 17.053049 5.590543 1.745634 3.706588 -0.242669 -0.151668 -0.040831 
1.609530 17.047918 5.619690 1.744444 3.721750 -0.235241 -0.147026 -0.039426 
1.617498 17.042801 5.648961 1.743291 3.736777 -0.227968 -0.142480 -0.038058 
1.625466 17.037697 5.678355 1.742173 3.751675 -0.220860 -0.138038 -0.036730 
1.633434 17.032605 5.707871 1.741091 3.766451 -0.213932 -0.133707 -0.035442 
1.641402 17.027525 5.737508 1.740042 3.781115 -0.207194 -0.129496 -0.034197 
1.649370 17.022456 5.767265 1.739027 3.795675 -0.200661 -0.125413 -0.032995 
1.657338 17.017397 5.797142 1.738043 3.810140 -0.194346 -0.121466 -0.031838 
1.665306 17.012348 5.827136 1.737091 3.824522 -0.188264 -0.117665 -0.030729 
1.673274 17.007308 5.857248 1.736168 3.838831 -0.182430 -0.114019 -0.029668 
1.681242 17.002277 5.887477 1.735273 3.853080 -0.176860 -0.110538 -0.028658 
1.689210 16.997254 5.917822 1.734406 3.867281 -0.171570 -0.107231 -0.027701 
1.697178 16.992239 5.948282 1.733564 3.881447 -0.166576 -0.104110 -0.026798 
1.705146 16.987230 5.978858 1.732746 3.895593 -0.161897 -0.101186 -0.025952 
1.713114 16.982229 6.009550 1.731951 3.909736 -0.157550 -0.098469 -0.025165 
1.721082 16.977233 6.040356 1.731177 3.923889 -0.153555 -0.095972 -0.024440 
1.729050 16.972243 6.071278 1.730421 3.938072 -0.149929 -0.093706 -0.023778 
1.737018 16.967258 6.102316 1.729683 3.952302 -0.146694 -0.091684 -0.023182 
1.744986 16.962277 6.133469 1.728959 3.966599 -0.143869 -0.089918 -0.022654 
1.752954 16.957301 6.164738 1.728249 3.980975 -0.141475 -0.088422 -0.022197 
1.760922 16.952330 6.196124 1.727549 3.995057 -0.139520 -0.087200 -0.021814 
1.768890 16.947363 6.227621 1.726859 4.008636 -0.138018 -0.086261 -0.021506 
1.776858 16.942401 6.259228 1.726174 4.021742 -0.136992 -0.085620 -0.021277 
1.784826 16.937445 6.290938 1.725493 4.034404 -0.136465 -0.085291 -0.021129 
1.792794 16.932495 6.322751 1.724814 4.046653 -0.136457 -0.085286 -0.021064 
1.800762 16.927552 6.354661 1.724133 4.058521 -0.136991 -0.085619 -0.021084 
1.808730 16.922617 6.386667 1.723449 4.070038 -0.138085 -0.086303 -0.021192 
1.816698 16.917690 6.418766 1.722757 4.081238 -0.139759 -0.087349 -0.021390 
1.824666 16.912772 6.450956 1.722056 4.092154 -0.142031 -0.088770 -0.021680 
1.832634 16.907863 6.483233 1.721341 4.102819 -0.144918 -0.090574 -0.022062 
1.840601 16.902966 6.515598 1.720611 4.113268 -0.148435 -0.092772 -0.022540 
1.848569 16.898080 6.548047 1.719862 4.123534 -0.152595 -0.095372 -0.023113 
1.856537 16.893207 6.580581 1.719090 4.133652 -0.157411 -0.098382 -0.023783 
1.864505 16.888348 6.613198 1.718293 4.143657 -0.162894 -0.101809 -0.024551 
1.872473 16.883503 6.645897 1.717467 4.153585 -0.169051 -0.105657 -0.025416 
1.880441 16.878675 6.678678 1.716608 4.163471 -0.175890 -0.109931 -0.026380 
1.888409 16.873863 6.711542 1.715714 4.173351 -0.183414 -0.114634 -0.027441 
1.896377 16.869071 6.744488 1.714780 4.183260 -0.191619 -0.119762 -0.028599 
1.904345 16.864298 6.777516 1.713805 4.193230 -0.199795 -0.124872 -0.029746 
1.912313 16.859548 6.810629 1.712791 4.203279 -0.207427 -0.129642 -0.030806 
1.920281 16.854820 6.843826 1.711740 4.213424 -0.214494 -0.134059 -0.031776 
1.928249 16.850116 6.877108 1.710656 4.223681 -0.220975 -0.138109 -0.032654 
1.936217 16.845437 6.910477 1.709540 4.234063 -0.226849 -0.141781 -0.033438 
1.944185 16.840784 6.943934 1.708397 4.244584 -0.232100 -0.145062 -0.034125 
1.952153 16.836159 6.977480 1.707230 4.255256 -0.236710 -0.147944 -0.034714 
1.960121 16.831561 7.011116 1.706041 4.266093 -0.240666 -0.150416 -0.035203 
1.968089 16.826993 7.044844 1.704834 4.277104 -0.243955 -0.152472 -0.035591 
1.976057 16.822453 7.078665 1.703612 4.288300 -0.246565 -0.154103 -0.035876 
1.984025 16.817943 7.112581 1.702379 4.299690 -0.248488 -0.155305 -0.036060 
1.991993 16.813463 7.146593 1.701138 4.311282 -0.249718 -0.156073 -0.036141 
1.999961 16.809013 7.180703 1.699893 4.323084 -0.250248 -0.156405 -0.036119 
2.007929 16.804594 7.214912 1.698647 4.335100 -0.250076 -0.156298 -0.035994 
2.015897 16.800205 7.249223 1.697404 4.347337 -0.249203 -0.155752 -0.035768 
2.023865 16.795846 7.283637 1.696166 4.359799 -0.247627 -0.154767 -0.035442 
2.031833 16.791517 7.318156 1.694938 4.372489 -0.245355 -0.153347 -0.035016 
2.039801 16.787218 7.352781 1.693724 4.385408 -0.242389 -0.151493 -0.034492 
2.047769 16.782948 7.387515 1.692525 4.398558 -0.238739 -0.149212 -0.033873 
2.055737 16.778706 7.422358 1.691347 4.411939 -0.234413 -0.146508 -0.033160 
2.063705 16.774492 7.457314 1.690192 4.425549 -0.229423 -0.143390 -0.032357 
2.071673 16.770305 7.492382 1.689063 4.439385 -0.223783 -0.139864 -0.031465 
2.079641 16.766145 7.527566 1.687964 4.453446 -0.217506 -0.135941 -0.030489 
2.087609 16.762009 7.562866 1.686898 4.467725 -0.210611 -0.131632 -0.029430 
2.095577 16.757897 7.598284 1.685867 4.482218 -0.203115 -0.126947 -0.028293 
2.103545 16.753807 7.633822 1.684876 4.496917 -0.195038 -0.121899 -0.027082 
2.111513 16.749739 7.669482 1.683926 4.511816 -0.186403 -0.116502 -0.025799 
2.119481 16.745690 7.705263 1.683020 4.526904 -0.177231 -0.110769 -0.024450 
2.127448 16.741659 7.741169 1.682161 4.542173 -0.167547 -0.104717 -0.023039 
2.135416 16.737645 7.777199 1.681352 4.557611 -0.157377 -0.098360 -0.021569 
2.143384 16.733645 7.813356 1.680595 4.573206 -0.146746 -0.091716 -0.020045 
2.151352 16.729659 7.849639 1.679891 4.588944 -0.135681 -0.084801 -0.018471 
2.159320 16.725683 7.886050 1.679244 4.604813 -0.124211 -0.077632 -0.016853 
2.167288 16.721715 7.922590 1.678655 4.620796 -0.112365 -0.070228 -0.015194 
2.175256 16.717755 7.959259 1.678125 4.636877 -0.100170 -0.062606 -0.013499 
2.183224 16.713799 7.996058 1.677657 4.653039 -0.087658 -0.054786 -0.011772 
2.191192 16.709845 8.032987 1.677253 4.669263 -0.074857 -0.046786 -0.010019 
2.199160 16.705892 8.070046 1.676912 4.685532 -0.061798 -0.038624 -0.008243 
2.207128 16.701936 8.107235 1.676638 4.701823 -0.048512 -0.030320 -0.006448 
2.215096 16.697975 8.144555 1.676429 4.718116 -0.035027 -0.021892 -0.004640 
2.223064 16.694008 8.182004 1.676289 4.734390 -0.021375 -0.013359 -0.002822 
2.231032 16.690030 8.219582 1.676217 4.750620 -0.007585 -0.004741 -0.000998 
2.239000 16.686041 8.257289 1.676214 4.766784 0.006313 0.003946 0.000828 
2.246968 16.682036 8.295123 1.676280 4.782856 0.020291 0.012682 0.002652 
2.254936 16.678015 8.333084 1.676416 4.798810 0.034320 0.021450 0.004470 
2.262904 16.673973 8.371170 1.676622 4.814621 0.048371 0.030232 0.006279 
2.270872 16.669910 8.409380 1.676898 4.830260 0.062417 0.039011 0.008076 
2.278840 16.665821 8.447711 1.677243 4.845701 0.076432 0.047770 0.009857 
2.286808 16.661704 8.486163 1.677659 4.860913 0.090390 0.056493 0.011620 
2.294776 16.657558 8.524732 1.678143 4.875867 0.104264 0.065165 0.013362 
2.302744 16.653378 8.563416 1.678697 4.890533 0.118032 0.073770 0.015080 
2.310712 16.649164 8.602213 1.679319 4.904879 0.131670 0.082293 0.016772 
2.318680 16.644912 8.641119 1.680008 4.918875 0.145154 0.090721 0.018435 
2.326648 16.640619 8.680132 1.680764 4.932486 0.158464 0.099040 0.020069 
2.334616 16.636284 8.719247 1.681586 4.945681 0.171579 0.107237 0.021670 
2.342584 16.631905 8.758461 1.682473 4.958425 0.184479 0.115299 0.023237 
2.350552 16.627478 8.797771 1.683423 4.970683 0.197146 0.123216 0.024769 
2.358520 16.623001 8.837170 1.684436 4.982422 0.209562 0.130976 0.026264 
2.366488 16.618473 8.876656 1.685510 4.993605 0.221710 0.138569 0.027722 
2.374456 16.613892 8.916224 1.686644 5.004196 0.233575 0.145985 0.029141 
2.382424 16.609255 8.955867 1.687836 5.014159 0.245143 0.153215 0.030520 
2.390392 16.604561 8.995580 1.689085 5.023456 0.256400 0.160250 0.031859 
2.398360 16.599807 9.035359 1.690389 5.032050 0.267333 0.167083 0.033157 
2.406327 16.594993 9.075196 1.691747 5.039903 0.277931 0.173707 0.034414 
2.414295 16.590116 9.115086 1.693157 5.046976 0.288183 0.180114 0.035630 
2.422263 16.585176 9.155021 1.694617 5.053232 0.298079 0.186299 0.036803 
2.430231 16.580170 9.194995 1.696125 5.058629 0.307611 0.192257 0.037936 
2.438199 16.575098 9.235000 1.697680 5.063130 0.316771 0.197982 0.039026 
2.446167 16.569960 9.275029 1.699279 5.066694 0.325552 0.203470 0.040076 
2.454135 16.564753 9.315074 1.700922 5.069282 0.333947 0.208717 0.041084 
2.462103 16.559477 9.355127 1.702605 5.070853 0.341952 0.213720 0.042051 
2.470071 16.554132 9.395179 1.704327 5.071366 0.349561 0.218476 0.042978 
2.478039 16.548717 9.435222 1.706086 5.070782 0.356772 0.222983 0.043866 
2.486007 16.543233 9.475246 1.707880 5.069363 0.363603 0.227252 0.044714 
2.493975 16.537677 9.515249 1.709707 5.067925 0.370115 0.231322 0.045523 
2.501943 16.532050 9.555230 1.711565 5.066512 0.376321 0.235200 0.046295 
2.509911 16.526349 9.595190 1.713454 5.065121 0.382228 0.238893 0.047031 
2.517879 16.520573 9.635128 1.715372 5.063728 0.388067 0.242542 0.047758 
2.525847 16.514722 9.675043 1.717320 5.062256 0.393983 0.246240 0.048496 
2.533815 16.508795 9.714935 1.719296 5.060624 0.399983 0.249990 0.049245 
2.541783 16.502790 9.754801 1.721304 5.058759 0.406073 0.253796 0.050009 
2.549751 16.496707 9.794638 1.723341 5.056594 0.412258 0.257661 0.050787 
2.557719 16.490545 9.834445 1.725410 5.054066 0.418544 0.261590 0.051582 
2.565687 16.484304 9.874218 1.727510 5.051121 0.424938 0.265586 0.052395 
2.573655 16.477982 9.913952 1.729642 5.047709 0.431446 0.269653 0.053227 
2.581623 16.471580 9.953644 1.731807 5.043784 0.438073 0.273796 0.054080 
2.589591 16.465096 9.993288 1.734006 5.039307 0.444827 0.278017 0.054956 
2.597559 16.458531 10.032881 1.736238 5.034241 0.451713 0.282320 0.055856 
2.605527 16.451884 10.072416 1.738505 5.028556 0.458738 0.286711 0.056781 
2.613495 16.445154 10.111889 1.740807 5.022223 0.465908 0.291192 0.057733 
2.621463 16.438343 10.151295 1.743146 5.015220 0.473231 0.295769 0.058714 
2.629431 16.431448 10.190626 1.745521 5.007526 0.480712 0.300445 0.059724 
2.637399 16.424470 10.229877 1.747934 4.999124 0.488360 0.305225 0.060766 
2.645367 16.417410 10.269043 1.750385 4.990001 0.496181 0.310113 0.061842 
2.653335 16.410266 10.308117 1.752876 4.980145 0.504182 0.315114 0.062952 
2.661303 16.403039 10.347092 1.755407 4.969549 0.512372 0.320233 0.064099 
2.669271 16.395729 10.385963 1.757980 4.958206 0.520758 0.325474 0.065284 
2.677239 16.388335 10.424724 1.760594 4.946113 0.529347 0.330842 0.066510 
2.685207 16.380858 10.463367 1.763252 4.933268 0.538149 0.336343 0.067777 
2.693174 16.373298 10.501886 1.765955 4.919674 0.547172 0.341983 0.069087 
2.701142 16.365655 10.540276 1.768702 4.905331 0.556425 0.347766 0.070444 
2.709110 16.357929 10.578529 1.771497 4.890245 0.565918 0.353698 0.071848 
2.717078 16.350119 10.616640 1.774339 4.874420 0.575659 0.359787 0.073302 
2.725046 16.342227 10.654602 1.777231 4.857865 0.585659 0.366037 0.074808 
2.733014 16.334251 10.692409 1.780173 4.840586 0.595928 0.372455 0.076368 
2.740982 16.326193 10.730055 1.783167 4.822595 0.606478 0.379049 0.077984 
2.748950 16.318053 10.767533 1.786214 4.803902 0.617320 0.385825 0.079660 
2.756918 16.309829 10.804838 1.789316 4.784521 0.628295 0.392684 0.081375 
2.764886 16.301524 10.841964 1.792471 4.764494 0.638989 0.399368 0.083078 
2.772854 16.293136 10.878905 1.795679 4.743877 0.649400 0.405875 0.084767 
2.780822 16.284666 10.915657 1.798939 4.722722 0.659547 0.412217 0.086445 
2.788790 16.276114 10.952215 1.802248 4.701079 0.669447 0.418405 0.088113 
2.796758 16.267481 10.988574 1.805606 4.678998 0.679116 0.424448 0.089773 
2.804726 16.258766 11.024732 1.809012 4.656522 0.688568 0.430355 0.091426 
2.812694 16.249971 11.060684 1.812464 4.633698 0.697817 0.436136 0.093073 
2.820662 16.241094 11.096427 1.815962 4.610567 0.706877 0.441798 0.094716 
2.828630 16.232138 11.131959 1.819504 4.587169 0.715758 0.447349 0.096356 
2.836598 16.223101 11.167278 1.823090 4.563542 0.724473 0.452796 0.097993 
2.844566 16.213984 11.202381 1.826720 4.539723 0.733033 0.458146 0.099629 
2.852534 16.204787 11.237266 1.830391 4.515748 0.741447 0.463404 0.101264 
2.860502 16.195512 11.271932 1.834104 4.491650 0.749724 0.468578 0.102898 
2.868470 16.186157 11.306377 1.837858 4.467460 0.757874 0.473672 0.104534 
2.876438 16.176724 11.340601 1.841652 4.443209 0.765906 0.478691 0.106170 
2.884406 16.167213 11.374602 1.845486 4.418926 0.773827 0.483642 0.107807 
2.892374 16.157623 11.408380 1.849359 4.394638 0.781646 0.488529 0.109447 
2.900342 16.147955 11.441935 1.853271 4.370372 0.789368 0.493355 0.111089 
2.908310 16.138210 11.475266 1.857221 4.346153 0.797003 0.498127 0.112733 
2.916278 16.128388 11.508374 1.861209 4.322005 0.804555 0.502847 0.114381 
2.924246 16.118488 11.541257 1.865235 4.297950 0.812031 0.507519 0.116031 
2.932214 16.108511 11.573918 1.869297 4.274010 0.819438 0.512149 0.117685 
2.940182 16.098458 11.606356 1.873396 4.250206 0.826781 0.516738 0.119343 
2.948150 16.088327 11.638572 1.877532 4.226556 0.834066 0.521291 0.121004 
2.956118 16.078120 11.670567 1.881703 4.203080 0.841298 0.525811 0.122668 
2.964086 16.067837 11.702341 1.885911 4.179795 0.848483 0.530302 0.124337 
2.972053 16.057477 11.733896 1.890154 4.156718 0.855624 0.534765 0.126009 
2.980021 16.047040 11.765233 1.894433 4.133864 0.862728 0.539205 0.127685 
2.987989 16.036527 11.796354 1.898747 4.111248 0.869798 0.543624 0.129365 
2.995957 16.025937 11.827259 1.903096 4.088886 0.876840 0.548025 0.131049 
3.003925 16.015270 11.857950 1.907480 4.066789 0.883856 0.552410 0.132736 
3.011893 16.004527 11.888429 1.911899 4.044972 0.890852 0.556783 0.134427 
3.019861 15.993706 11.918697 1.916353 4.023445 0.897832 0.561145 0.136121 
3.027829 15.982809 11.948757 1.920841 4.002221 0.904799 0.565499 0.137818 
3.035797 15.971834 11.978609 1.925365 3.981309 0.911757 0.569848 0.139519 
3.043765 15.960781 12.008257 1.929922 3.960722 0.918710 0.574193 0.141223 
3.051733 15.949651 12.037701 1.934515 3.940467 0.925660 0.578538 0.142929 
3.059701 15.938442 12.066944 1.939142 3.920553 0.932613 0.582883 0.144638 
3.067669 15.927154 12.095989 1.943804 3.900991 0.939570 0.587231 0.146349 
3.075637 15.915787 12.124836 1.948500 3.881787 0.946535 0.591584 0.148062 
3.083605 15.904341 12.153489 1.953231 3.862949 0.953511 0.595944 0.149777 
3.091573 15.892814 12.181950 1.957997 3.844484 0.960501 0.600313 0.151493 
3.099541 15.881207 12.210220 1.962798 3.826399 0.967508 0.604692 0.153210 
3.107509 15.869518 12.238302 1.967633 3.808700 0.974534 0.609084 0.154928 
3.115477 15.857748 12.266199 1.972504 3.791394 0.981582 0.613489 0.156646 
3.123445 15.845894 12.293913 1.977410 3.774485 0.988655 0.617909 0.158365 
3.131413 15.833958 12.321446 1.982351 3.757979 0.995755 0.622347 0.160082 
3.139381 15.821937 12.348800 1.987328 3.741880 1.002884 0.626802 0.161800 
3.147349 15.809832 12.375978 1.992340 3.726194 1.010044 0.631277 0.163515 
3.155317 15.797640 12.402983 1.997388 3.710924 1.017238 0.635774 0.165229 
3.163285 15.785362 12.429816 2.002472 3.696075 1.024467 0.640292 0.166941 
3.171253 15.772997 12.456481 2.007591 3.681650 1.031733 0.644833 0.168651 
3.179221 15.760542 12.482979 2.012748 3.667652 1.039038 0.649399 0.170357 
3.187189 15.747998 12.509314 2.017940 3.654086 1.046383 0.653990 0.172059 
3.195157 15.735363 12.535486 2.023170 3.640953 1.053771 0.658607 0.173757 
3.203125 15.722636 12.561500 2.028436 3.628258 1.061201 0.663251 0.175451 
3.211093 15.709816 12.587357 2.033739 3.616002 1.068676 0.667922 0.177139 
3.219061 15.696902 12.613060 2.039080 3.604187 1.076196 0.672622 0.178821 
3.227029 15.683891 12.638611 2.044458 3.592817 1.083762 0.677351 0.180496 
3.234997 15.670784 12.664012 2.049874 3.581893 1.091375 0.682109 0.182164 
3.242965 15.657579 12.689266 2.055328 3.571418 1.099035 0.686897 0.183825 
3.250933 15.644274 12.714376 2.060821 3.561393 1.106743 0.691714 0.185476 
3.258900 15.630867 12.739342 2.066351 3.551820 1.114499 0.696562 0.187118 
3.266868 15.617358 12.764169 2.071921 3.542701 1.122303 0.701439 0.188751 
3.274836 15.603744 12.788858 2.077530 3.534037 1.130154 0.706346 0.190372 
3.282804 15.590025 12.813411 2.083177 3.525829 1.138053 0.711283 0.191982 
3.290772 15.576198 12.837830 2.088865 3.518080 1.145999 0.716250 0.193580 
3.298740 15.562261 12.862119 2.094592 3.510791 1.153991 0.721245 0.195164 
3.306708 15.548214 12.886278 2.100358 3.503962 1.162028 0.726268 0.196734 
3.314676 15.534053 12.910310 2.106165 3.497596 1.170109 0.731318 0.198290 
3.322644 15.519778 12.934217 2.112013 3.491692 1.178233 0.736395 0.199829 
3.330612 15.505386 12.958002 2.117901 3.486253 1.186397 0.741498 0.201352 
3.338580 15.490876 12.981665 2.123829 3.481280 1.194600 0.746625 0.202857 
3.346548 15.476245 13.005210 2.129799 3.476774 1.202839 0.751774 0.204344 
3.354516 15.461491 13.028638 2.135810 3.472735 1.211112 0.756945 0.205811 
3.362484 15.446613 13.051951 2.141862 3.469165 1.219417 0.762136 0.207258 
3.370452 15.431608 13.075151 2.147955 3.466066 1.227750 0.767344 0.208682 
3.378420 15.416474 13.098239 2.154090 3.463438 1.236108 0.772568 0.210085 
3.386388 15.401208 13.121218 2.160267 3.461283 1.244487 0.777805 0.211463 
3.394356 15.385809 13.144090 2.166485 3.459601 1.252884 0.783052 0.212816 
3.402324 15.370274 13.166855 2.172745 3.458395 1.261293 0.788308 0.214143 
3.410292 15.354601 13.189516 2.179048 3.457665 1.269711 0.793569 0.215443 
3.418260 15.338786 13.212074 2.185392 3.457412 1.278132 0.798833 0.216715 
3.426228 15.322829 13.234531 2.191778 3.457639 1.286551 0.804094 0.217957 
3.434196 15.306726 13.256889 2.198206 3.458347 1.294962 0.809351 0.219168 
3.442164 15.290475 13.279148 2.204675 3.459536 1.303359 0.814600 0.220346 
3.450132 15.274073 13.301310 2.211187 3.461210 1.311736 0.819835 0.221491 
3.458100 15.257517 13.323377 2.217740 3.463369 1.320086 0.825053 0.222601 
3.466068 15.240805 13.345350 2.224335 3.466016 1.328400 0.830250 0.223675 
3.474036 15.223933 13.367230 2.230971 3.469152 1.336672 0.835420 0.224711 
3.482004 15.206900 13.389019 2.237648 3.472779 1.344894 0.840559 0.225708 
3.489972 15.189703 13.410717 2.244366 3.476900 1.353056 0.845660 0.226664 
3.497940 15.172337 13.432326 2.251124 3.481516 1.361150 0.850719 0.227578 
3.505908 15.154801 13.453846 2.257923 3.486630 1.369166 0.855728 0.228449 
3.513876 15.137092 13.475280 2.264761 3.492245 1.377093 0.860683 0.229274 
3.521844 15.119206 13.496627 2.271639 3.498362 1.384923 0.865577 0.230052 
3.529812 15.101140 13.517890 2.278555 3.504985 1.392643 0.870402 0.230783 
3.537779 15.082891 13.539068 2.285509 3.512117 1.400242 0.875151 0.231463 
3.545747 15.064457 13.560162 2.292501 3.519759 1.407708 0.879817 0.232091 
3.553715 15.045833 13.581174 2.299529 3.527916 1.415028 0.884393 0.232666 
3.561683 15.027017 13.602104 2.306594 3.536591 1.422191 0.888869 0.233187 
3.569651 15.008005 13.622953 2.313694 3.545786 1.429181 0.893238 0.233650 
3.577619 14.988794 13.643721 2.320828 3.555506 1.435985 0.897491 0.234055 
3.585587 14.969381 13.664410 2.327996 3.565753 1.442590 0.901618 0.234399 
3.593555 14.949761 13.685019 2.335196 3.576532 1.448978 0.905611 0.234681 
3.601523 14.929933 13.705549 2.342428 3.587847 1.455136 0.909460 0.234899 
3.609491 14.909891 13.726001 2.349689 3.599700 1.461046 0.913154 0.235052 
3.617459 14.889633 13.746375 2.356979 3.612098 1.466692 0.916683 0.235136 
3.625427 14.869155 13.766672 2.364297 3.625043 1.472058 0.920036 0.235151 
3.633395 14.848454 13.786891 2.371640 3.638540 1.477125 0.923203 0.235095 
3.641363 14.827525 13.807034 2.379008 3.652593 1.481875 0.926172 0.234965 
3.649331 14.806366 13.827101 2.386399 3.667208 1.486290 0.928931 0.234759 
3.657299 14.784971 13.847091 2.393811 3.682389 1.490350 0.931469 0.234476 
3.665267 14.763339 13.867006 2.401242 3.698140 1.494036 0.933773 0.234114 
3.673235 14.741464 13.886845 2.408691 3.714468 1.497328 0.935830 0.233671 
3.681203 14.719343 13.906608 2.416155 3.731376 1.500204 0.937628 0.233144 
3.689171 14.696972 13.926296 2.423632 3.748786 1.502611 0.939132 0.232532 
3.697139 14.674349 13.945907 2.431120 3.766195 1.504325 0.940203 0.231833 
3.705107 14.651475 13.965438 2.438614 3.783526 1.505294 0.940809 0.231045 
3.713075 14.628350 13.984886 2.446111 3.800784 1.505503 0.940939 0.230166 
3.721043 14.604973 14.004247 2.453607 3.817975 1.504935 0.940585 0.229194 
3.729011 14.581347 14.023519 2.461099 3.835107 1.503577 0.939736 0.228129 
3.736979 14.557470 14.042699 2.468582 3.852183 1.501413 0.938383 0.226968 
3.744947 14.533345 14.061784 2.476052 3.869209 1.498431 0.936519 0.225709 
3.752915 14.508970 14.080772 2.483505 3.886189 1.494618 0.934136 0.224353 
3.760883 14.484348 14.099660 2.490937 3.903129 1.489963 0.931227 0.222896 
3.768851 14.459479 14.118446 2.498343 3.920031 1.484455 0.927784 0.221339 
3.776819 14.434364 14.137129 2.505720 3.936900 1.478083 0.923802 0.219680 
3.784787 14.409003 14.155705 2.513063 3.953738 1.470840 0.919275 0.217917 
3.792755 14.383398 14.174173 2.520368 3.970548 1.462718 0.914199 0.216051 
3.800723 14.357551 14.192532 2.527631 3.987331 1.453709 0.908568 0.214080 
3.808691 14.331461 14.210780 2.534846 4.004090 1.443807 0.902380 0.212003 
3.816659 14.305132 14.228915 2.542009 4.020826 1.433009 0.895631 0.209821 
3.824626 14.278563 14.246937 2.549117 4.037540 1.421309 0.888318 0.207531 
3.832594 14.251757 14.264845 2.556164 4.054231 1.408705 0.880441 0.205135 
3.840562 14.224714 14.282637 2.563146 4.070899 1.395195 0.871997 0.202632 
3.848530 14.197438 14.300312 2.570059 4.087544 1.380777 0.862986 0.200022 
3.856498 14.169928 14.317871 2.576897 4.104164 1.365452 0.853407 0.197304 
3.864466 14.142188 14.335314 2.583657 4.120758 1.349220 0.843263 0.194479 
3.872434 14.114219 14.352639 2.590334 4.137322 1.332387 0.832742 0.191586 
3.880402 14.086024 14.369846 2.596927 4.153852 1.315211 0.822007 0.188659 
3.888370 14.057603 14.386937 2.603433 4.170342 1.297711 0.811069 0.185702 
3.896338 14.028960 14.403910 2.609852 4.186786 1.279901 0.799938 0.182716 
3.904306 14.000096 14.420766 2.616180 4.203176 1.261797 0.788623 0.179703 
3.912274 13.971014 14.437506 2.622419 4.219507 1.243416 0.777135 0.176666 
3.920242 13.941715 14.454129 2.628564 4.235772 1.224774 0.765484 0.173607 
3.928210 13.912203 14.470637 2.634617 4.251963 1.205885 0.753678 0.170529 
3.936178 13.882480 14.487029 2.640575 4.268074 1.186764 0.741728 0.167433 
3.944146 13.852548 14.503306 2.646437 4.284097 1.167428 0.729642 0.164322 
3.952114 13.822409 14.519469 2.652202 4.300025 1.147890 0.717431 0.161199 
3.960082 13.792067 14.535519 2.657869 4.315849 1.128166 0.705104 0.158064 
3.968050 13.761524 14.551457 2.663438 4.331563 1.108269 0.692668 0.154921 
3.976018 13.730782 14.567282 2.668907 4.347159 1.088213 0.680133 0.151772 
3.983986 13.699845 14.582997 2.674276 4.362628 1.068013 0.667508 0.148617 
3.991954 13.668715 14.598602 2.679544 4.377962 1.047680 0.654800 0.145460 
3.999922 13.637395 14.614098 2.684711 4.393155 1.027229 0.642018 0.142302 
4.007890 13.605887 14.629487 2.689775 4.408196 1.006670 0.629169 0.139145 
4.015858 13.574196 14.644769 2.694737 4.423079 0.986018 0.616261 0.135990 
4.023826 13.542324 14.659946 2.699596 4.437796 0.965282 0.603301 0.132840 
4.031794 13.510273 14.675020 2.704351 4.452337 0.944476 0.590297 0.129695 
4.039762 13.478047 14.689991 2.709003 4.466695 0.923608 0.577255 0.126558 
4.047730 13.445650 14.704861 2.713550 4.480862 0.902691 0.564182 0.123430 
4.055698 13.413084 14.719632 2.717994 4.494830 0.881735 0.551084 0.120311 
4.063666 13.380353 14.734305 2.722332 4.508590 0.860748 0.537968 0.117204 
4.071634 13.347459 14.748881 2.726567 4.522135 0.839741 0.524838 0.114109 
4.079602 13.314407 14.763362 2.730696 4.535456 0.818722 0.511701 0.111028 
4.087570 13.281200 14.777751 2.734721 4.548546 0.797701 0.498563 0.107962 
4.095538 13.247840 14.792048 2.738641 4.561397 0.776684 0.485428 0.104911 
4.103505 13.214333 14.806256 2.742457 4.574001 0.755681 0.472301 0.101877 
4.111473 13.180680 14.820376 2.746168 4.586350 0.734699 0.459187 0.098860 
4.119441 13.146886 14.834410 2.749774 4.598438 0.713744 0.446090 0.095861 
4.127409 13.112954 14.848360 2.753277 4.610256 0.692823 0.433015 0.092881 
4.135377 13.078888 14.862228 2.756675 4.621797 0.671944 0.419965 0.089921 
4.143345 13.044692 14.876016 2.759969 4.633054 0.651112 0.406945 0.086980 
4.151313 13.010369 14.889726 2.763160 4.644021 0.630332 0.393958 0.084060 
4.159281 12.975923 14.903360 2.766247 4.654689 0.609611 0.381007 0.081161 
4.167249 12.941357 14.916919 2.769232 4.665053 0.588953 0.368095 0.078283 
4.175217 12.906677 14.930407 2.772114 4.675106 0.568363 0.355227 0.075427 
4.183185 12.871884 14.943825 2.774893 4.684841 0.547845 0.342403 0.072593 
4.191153 12.836984 14.957175 2.777570 4.694253 0.527405 0.329628 0.069780 
4.199121 12.801980 14.970460 2.780146 4.703334 0.507046 0.316903 0.066990 
4.207089 12.766876 14.983681 2.782620 4.712079 0.486771 0.304232 0.064222 
4.215057 12.731676 14.996841 2.784994 4.720483 0.466584 0.291615 0.061477 
4.223025 12.696385 15.009942 2.787268 4.728540 0.446488 0.279055 0.058754 
4.230993 12.661005 15.022986 2.789441 4.736244 0.426487 0.266554 0.056053 
4.238961 12.625541 15.035976 2.791516 4.743590 0.406583 0.254114 0.053374 
4.246929 12.589998 15.048914 2.793491 4.750574 0.386778 0.241736 0.050718 
4.254897 12.554378 15.061801 2.795368 4.757190 0.367076 0.229422 0.048083 
4.262865 12.518687 15.074640 2.797147 4.763433 0.347477 0.217173 0.045471 
4.270833 12.482929 15.087434 2.798829 4.769301 0.327985 0.204991 0.042880 
4.278801 12.447106 15.100185 2.800414 4.774787 0.308601 0.192875 0.040310 
4.286769 12.411225 15.112895 2.801903 4.779889 0.289326 0.180829 0.037762 
4.294737 12.375288 15.125566 2.803296 4.784602 0.270163 0.168852 0.035235 
4.302705 12.339301 15.138201 2.804594 4.788923 0.251112 0.156945 0.032728 
4.310673 12.303267 15.150801 2.805797 4.792849 0.232175 0.145110 0.030241 
4.318641 12.267190 15.163370 2.806907 4.796376 0.213354 0.133346 0.027774 
4.326609 12.231074 15.175909 2.807923 4.799501 0.194648 0.121655 0.025327 
4.334577 12.194925 15.188420 2.808846 4.802222 0.176059 0.110037 0.022898 
4.342545 12.158745 15.200907 2.809676 4.804536 0.157588 0.098492 0.020489 
4.350513 12.122540 15.213370 2.810415 4.806441 0.139235 0.087022 0.018098 
4.358481 12.086314 15.225813 2.811063 4.807934 0.121002 0.075626 0.015724 
4.366449 12.050070 15.238237 2.811621 4.809014 0.102888 0.064305 0.013369 
4.374417 12.013813 15.250645 2.812088 4.809679 0.084894 0.053059 0.011030 
4.382385 11.977548 15.263039 2.812466 4.809928 0.067021 0.041888 0.008708 
4.390352 11.941278 15.275420 2.812756 4.809758 0.049269 0.030793 0.006402 
4.398320 11.905008 15.287792 2.812957 4.809170 0.031639 0.019774 0.004112 
4.406288 11.868743 15.300156 2.813071 4.808162 0.014130 0.008831 0.001837 
4.414256 11.832485 15.312515 2.813098 4.806733 -0.003256 -0.002035 -0.000423 
4.422224 11.796240 15.324869 2.813039 4.804883 -0.020521 -0.012826 -0.002669 
4.430192 11.760012 15.337223 2.812894 4.802612 -0.037663 -0.023539 -0.004901 
4.438160 11.723805 15.349576 2.812664 4.799919 -0.054682 -0.034176 -0.007120 
4.446128 11.687623 15.361932 2.812350 4.796804 -0.071578 -0.044737 -0.009325 
4.454096 11.651470 15.374292 2.811951 4.793269 -0.088352 -0.055220 -0.011518 
4.462064 11.615352 15.386659 2.811470 4.789312 -0.105001 -0.065626 -0.013699 
4.470032 11.579271 15.399034 2.810906 4.784936 -0.121528 -0.075955 -0.015869 
4.478000 11.543232 15.411418 2.810260 4.780140 -0.137930 -0.086206 -0.018027 
4.485968 11.507239 15.423815 2.809532 4.774925 -0.154209 -0.096380 -0.020174 
4.493936 11.471297 15.436224 2.808724 4.769293 -0.170363 -0.106477 -0.022311 
4.501904 11.435409 15.448650 2.807836 4.763245 -0.186393 -0.116495 -0.024438 
4.509872 11.399580 15.461092 2.806868 4.756782 -0.202297 -0.126436 -0.026556 
4.517840 11.363814 15.473552 2.805821 4.749907 -0.218077 -0.136298 -0.028665 
4.525808 11.328114 15.486033 2.804696 4.742620 -0.233731 -0.146082 -0.030765 
4.533776 11.292486 15.498536 2.803493 4.734924 -0.249259 -0.155787 -0.032856 
4.541744 11.256932 15.511062 2.802214 4.726820 -0.264661 -0.165413 -0.034940 
4.549712 11.221457 15.523613 2.800857 4.718312 -0.279935 -0.174960 -0.037016 
4.557680 11.186065 15.536190 2.799426 4.709401 -0.295083 -0.184427 -0.039085 
4.565648 11.150760 15.548794 2.797919 4.700090 -0.310102 -0.193814 -0.041147 
4.573616 11.115546 15.561428 2.796337 4.690381 -0.324992 -0.203120 -0.043202 
4.581584 11.080427 15.574091 2.794682 4.680278 -0.339753 -0.212346 -0.045251 
4.589552 11.045406 15.586786 2.792954 4.669782 -0.354384 -0.221490 -0.047294 
4.597520 11.010488 15.599514 2.791153 4.658898 -0.368884 -0.230552 -0.049332 
4.605488 10.975676 15.612276 2.789280 4.647628 -0.383252 -0.239532 -0.051364 
4.613456 10.940974 15.625072 2.787336 4.635975 -0.397487 -0.248429 -0.053391 
4.621424 10.906386 15.637904 2.785321 4.623942 -0.411588 -0.257243 -0.055414 
4.629392 10.871916 15.650773 2.783236 4.611534 -0.425554 -0.265971 -0.057431 
4.637360 10.837567 15.663679 2.781083 4.598753 -0.439384 -0.274615 -0.059444 
4.645328 10.803342 15.676625 2.778860 4.585604 -0.453077 -0.283173 -0.061453 
4.653296 10.769247 15.689609 2.776570 4.572089 -0.466632 -0.291645 -0.063458 
4.661264 10.735283 15.702634 2.774213 4.558213 -0.480046 -0.300029 -0.065460 
4.669231 10.701456 15.715699 2.771789 4.543979 -0.493319 -0.308324 -0.067457 
4.677199 10.667767 15.728806 2.769300 4.529391 -0.506449 -0.316530 -0.069451 
4.685167 10.634221 15.741955 2.766745 4.514453 -0.519434 -0.324646 -0.071441 
4.693135 10.600822 15.755147 2.764126 4.499169 -0.532273 -0.332671 -0.073428 
4.701103 10.567571 15.768381 2.761444 4.483544 -0.544965 -0.340603 -0.075412 
4.709071 10.534474 15.781659 2.758699 4.467580 -0.557507 -0.348442 -0.077393 
4.717039 10.501533 15.794980 2.755892 4.451283 -0.569897 -0.356185 -0.079371 
4.725007 10.468751 15.808345 2.753023 4.434657 -0.582133 -0.363833 -0.081345 
4.732975 10.436132 15.821755 2.750094 4.417705 -0.594214 -0.371384 -0.083317 
4.740943 10.403678 15.835208 2.747105 4.400432 -0.606138 -0.378836 -0.085285 
4.748911 10.371394 15.848706 2.744057 4.382842 -0.617901 -0.386188 -0.087251 
4.756879 10.339281 15.862249 2.740951 4.364939 -0.629503 -0.393439 -0.089213 
4.764847 10.307344 15.875835 2.737787 4.346823 -0.640954 -0.400596 -0.091173 
4.772815 10.275582 15.889467 2.734567 4.328779 -0.652297 -0.407685 -0.093129 
4.780783 10.243996 15.903145 2.731291 4.310828 -0.663536 -0.414710 -0.095082 
4.788751 10.212587 15.916869 2.727959 4.292974 -0.674674 -0.421671 -0.097033 
4.796719 10.181353 15.930643 2.724571 4.275220 -0.685713 -0.428571 -0.098980 
4.804687 10.150296 15.944465 2.721129 4.257567 -0.696656 -0.435410 -0.100925 
4.812655 10.119414 15.958338 2.717633 4.240021 -0.707504 -0.442190 -0.102867 
4.820623 10.088709 15.972261 2.714082 4.222582 -0.718260 -0.448912 -0.104807 
4.828591 10.058180 15.986237 2.710479 4.205254 -0.728925 -0.455578 -0.106744 
4.836559 10.027826 16.000266 2.706823 4.188040 -0.739502 -0.462189 -0.108678 
4.844527 9.997648 16.014349 2.703114 4.170943 -0.749992 -0.468745 -0.110610 
4.852495 9.967646 16.028486 2.699353 4.153964 -0.760397 -0.475248 -0.112538 
4.860463 9.937819 16.042679 2.695540 4.137108 -0.770719 -0.481699 -0.114464 
4.868431 9.908168 16.056928 2.691677 4.120375 -0.780959 -0.488099 -0.116388 
4.876399 9.878692 16.071235 2.687762 4.103770 -0.791118 -0.494449 -0.118308 
4.884367 9.849390 16.085600 2.683797 4.087293 -0.801199 -0.500749 -0.120226 
4.892335 9.820264 16.100023 2.679782 4.070948 -0.811202 -0.507001 -0.122140 
4.900303 9.791312 16.114506 2.675718 4.054738 -0.821129 -0.513205 -0.124051 
4.908271 9.762534 16.129049 2.671604 4.038664 -0.830981 -0.519363 -0.125959 
4.916239 9.733930 16.143653 2.667441 4.022728 -0.840759 -0.525474 -0.127864 
4.924207 9.705500 16.158319 2.663230 4.006933 -0.850464 -0.531540 -0.129764 
4.932175 9.677243 16.173047 2.658971 3.991282 -0.860098 -0.537561 -0.131662 
4.940143 9.649160 16.187838 2.654664 3.975775 -0.869661 -0.543538 -0.133555 
4.948111 9.621249 16.202693 2.650309 3.960416 -0.879155 -0.549472 -0.135444 
4.956078 9.593511 16.217613 2.645908 3.945207 -0.888579 -0.555362 -0.137329 
4.964046 9.565945 16.232597 2.641459 3.930149 -0.897936 -0.561210 -0.139209 
4.972014 9.538552 16.247647 2.636964 3.915245 -0.907225 -0.567016 -0.141084 
4.979982 9.511329 16.262763 2.632423 3.900496 -0.916447 -0.572780 -0.142955 
4.987950 9.484278 16.277946 2.627837 3.885905 -0.925604 -0.578503 -0.144820 
4.995918 9.457398 16.293197 2.623204 3.871473 -0.934695 -0.584185 -0.146680 
5.003886 9.430688 16.308515 2.618527 3.857202 -0.943722 -0.589826 -0.148534 
5.011854 9.404148 16.323903 2.613805 3.843094 -0.952684 -0.595428 -0.150383 
5.019822 9.377778 16.339359 2.609039 3.829151 -0.961583 -0.600989 -0.152225 
5.027790 9.351578 16.354885 2.604228 3.815375 -0.970417 -0.606511 -0.154060 
5.035758 9.325546 16.370482 2.599373 3.801767 -0.979189 -0.611993 -0.155888 
5.043726 9.299683 16.386150 2.594475 3.788329 -0.987898 -0.617436 -0.157710 
5.051694 9.273988 16.401889 2.589534 3.775063 -0.996544 -0.622840 -0.159523 
5.059662 9.248460 16.417700 2.584550 3.761970 -1.005128 -0.628205 -0.161329 
5.067630 9.223100 16.433583 2.579523 3.749052 -1.013650 -0.633531 -0.163127 
5.075598 9.197907 16.449540 2.574454 3.736311 -1.022110 -0.638819 -0.164916 
5.083566 9.172880 16.465571 2.569343 3.723748 -1.030508 -0.644067 -0.166697 
5.091534 9.148019 16.481675 2.564190 3.711365 -1.038843 -0.649277 -0.168468 
5.099502 9.123324 16.497855 2.558996 3.699163 -1.047117 -0.654448 -0.170229 
5.107470 9.098794 16.514109 2.553761 3.687144 -1.055329 -0.659581 -0.171981 
5.115438 9.074429 16.530440 2.548485 3.675309 -1.063479 -0.664674 -0.173722 
5.123406 9.050228 16.546846 2.543169 3.663659 -1.071566 -0.669729 -0.175453 
5.131374 9.026190 16.563330 2.537813 3.652197 -1.079592 -0.674745 -0.177172 
5.139342 9.002317 16.579891 2.532416 3.640924 -1.087554 -0.679721 -0.178880 
5.147310 8.978606 16.596529 2.526981 3.629840 -1.095454 -0.684659 -0.180576 
5.155278 8.955057 16.613247 2.521506 3.618948 -1.103291 -0.689557 -0.182259 
5.163246 8.931671 16.630043 2.515992 3.608248 -1.111065 -0.694415 -0.183930 
5.171214 8.908446 16.646918 2.510440 3.597742 -1.118774 -0.699234 -0.185587 
5.179182 8.885383 16.663874 2.504849 3.587432 -1.126420 -0.704013 -0.187231 
5.187150 8.862480 16.680910 2.499221 3.577319 -1.134002 -0.708751 -0.188862 
5.195118 8.839738 16.698027 2.493555 3.567404 -1.141518 -0.713449 -0.190477 
5.203086 8.817155 16.715226 2.487851 3.557688 -1.148970 -0.718106 -0.192078 
5.211054 8.794732 16.732507 2.482111 3.548172 -1.156355 -0.722722 -0.193663 
5.219022 8.772468 16.749871 2.476334 3.538859 -1.163674 -0.727297 -0.195233 
5.226990 8.750363 16.767318 2.470521 3.529748 -1.170927 -0.731829 -0.196787 
5.234957 8.728416 16.784849 2.464672 3.520842 -1.178112 -0.736320 -0.198324 
5.242925 8.706626 16.802464 2.458787 3.512142 -1.185229 -0.740768 -0.199844 
5.250893 8.684994 16.820164 2.452867 3.503649 -1.192278 -0.745174 -0.201346 
5.258861 8.663519 16.837950 2.446912 3.495364 -1.199257 -0.749536 -0.202831 
5.266829 8.642201 16.855821 2.440923 3.487288 -1.206167 -0.753854 -0.204297 
5.274797 8.621038 16.873780 2.434899 3.479423 -1.213006 -0.758129 -0.205745 
5.282765 8.600032 16.891825 2.428842 3.471770 -1.219774 -0.762359 -0.207173 
5.290733 8.579180 16.909958 2.422750 3.464329 -1.226470 -0.766544 -0.208582 
5.298701 8.558484 16.928180 2.416626 3.457103 -1.233093 -0.770683 -0.209971 
5.306669 8.537943 16.946491 2.410469 3.450093 -1.239643 -0.774777 -0.211339 
5.314637 8.517555 16.964891 2.404279 3.443299 -1.246119 -0.778824 -0.212686 
5.322605 8.497322 16.983382 2.398058 3.436723 -1.252520 -0.782825 -0.214012 
5.330573 8.477242 17.001963 2.391804 3.430366 -1.258845 -0.786778 -0.215317 
5.338541 8.457315 17.020636 2.385520 3.424230 -1.265094 -0.790684 -0.216599 
5.346509 8.437541 17.039401 2.379204 3.418315 -1.271265 -0.794541 -0.217858 
5.354477 8.417920 17.058259 2.372858 3.412622 -1.277358 -0.798349 -0.219095 
5.362445 8.398451 17.077210 2.366482 3.407154 -1.283373 -0.802108 -0.220308 
5.370413 8.379134 17.096255 2.360076 3.401911 -1.289307 -0.805817 -0.221498 
5.378381 8.359968 17.115395 2.353641 3.396895 -1.295161 -0.809476 -0.222663 
5.386349 8.340954 17.134631 2.347176 3.392106 -1.300933 -0.813083 -0.223804 
5.394317 8.322091 17.153962 2.340684 3.387546 -1.306623 -0.816640 -0.224920 
5.402285 8.303378 17.173391 2.334163 3.383216 -1.312230 -0.820144 -0.226010 
5.410253 8.284816 17.192917 2.327614 3.379117 -1.317753 -0.823595 -0.227075 
5.418221 8.266405 17.212541 2.321038 3.375252 -1.323190 -0.826994 -0.228114 
5.426189 8.248143 17.232264 2.314435 3.371620 -1.328542 -0.830339 -0.229127 
5.434157 8.230031 17.252087 2.307806 3.368223 -1.333808 -0.833630 -0.230113 
5.442125 8.212069 17.272010 2.301151 3.365063 -1.338985 -0.836866 -0.231072 
5.450093 8.194255 17.292035 2.294470 3.362141 -1.344075 -0.840047 -0.232003 
5.458061 8.176592 17.312161 2.287764 3.359457 -1.349075 -0.843172 -0.232907 
5.466029 8.159077 17.332391 2.281033 3.357015 -1.353985 -0.846241 -0.233782 
5.473997 8.141711 17.352723 2.274278 3.354814 -1.358804 -0.849253 -0.234630 
5.481965 8.124493 17.373161 2.267500 3.352856 -1.363532 -0.852207 -0.235448 
5.489933 8.107424 17.393703 2.260698 3.351143 -1.368167 -0.855104 -0.236238 
5.497901 8.090504 17.414352 2.253873 3.349675 -1.372709 -0.857943 -0.236999 
5.505869 8.073732 17.435107 2.247026 3.348455 -1.377156 -0.860723 -0.237730 
5.513837 8.057108 17.455970 2.240157 3.347484 -1.381509 -0.863443 -0.238431 
5.521804 8.040632 17.476942 2.233266 3.346762 -1.385766 -0.866104 -0.239102 
5.529772 8.024304 17.498023 2.226355 3.346293 -1.389927 -0.868704 -0.239743 
5.537740 8.008124 17.519214 2.219423 3.346076 -1.393990 -0.871244 -0.240354 
5.545708 7.992092 17.540517 2.212471 3.346114 -1.397956 -0.873722 -0.240934 
5.553676 7.976208 17.561932 2.205499 3.346408 -1.401823 -0.876139 -0.241483 
5.561644 7.960472 17.583460 2.198509 3.346959 -1.405591 -0.878494 -0.242001 
5.569612 7.944883 17.605101 2.191500 3.347769 -1.409259 -0.880787 -0.242488 
5.577580 7.929443 17.626858 2.184473 3.348841 -1.412826 -0.883016 -0.242943 
5.585548 7.914151 17.648731 2.177428 3.350174 -1.416293 -0.885183 -0.243366 
5.593516 7.899006 17.670721 2.170367 3.351771 -1.419658 -0.887286 -0.243758 
5.601484 7.884010 17.692829 2.163289 3.353633 -1.422920 -0.889325 -0.244118 
5.609452 7.869162 17.715055 2.156195 3.355763 -1.426080 -0.891300 -0.244446 
5.617420 7.854462 17.737402 2.149085 3.358161 -1.429137 -0.893210 -0.244741 
5.625388 7.839911 17.759869 2.141961 3.360830 -1.431727 -0.894829 -0.244952 
5.633356 7.825508 17.782459 2.134827 3.363766 -1.433359 -0.895849 -0.245007 
5.641324 7.811254 17.805172 2.127687 3.366967 -1.434044 -0.896278 -0.244909 
5.649292 7.797148 17.828008 2.120545 3.370429 -1.433798 -0.896124 -0.244660 
5.657260 7.783191 17.850969 2.113408 3.374149 -1.432635 -0.895397 -0.244264 
5.665228 7.769383 17.874055 2.106278 3.378122 -1.430571 -0.894107 -0.243722 
5.673196 7.755722 17.897267 2.099161 3.382343 -1.427622 -0.892263 -0.243038 
5.681164 7.742210 17.920606 2.092060 3.386808 -1.423803 -0.889877 -0.242215 
5.689132 7.728845 17.944071 2.084981 3.391511 -1.419131 -0.886957 -0.241254 
5.697100 7.715628 17.967664 2.077927 3.396446 -1.413623 -0.883514 -0.240158 
5.705068 7.702558 17.991385 2.070903 3.401607 -1.407295 -0.879560 -0.238931 
5.713036 7.689634 18.015233 2.063912 3.406989 -1.400165 -0.875103 -0.237575 
5.721004 7.676857 18.039210 2.056958 3.412583 -1.392248 -0.870155 -0.236092 
5.728972 7.664225 18.063315 2.050046 3.418383 -1.383561 -0.864726 -0.234485 
5.736940 7.651737 18.087548 2.043179 3.424382 -1.374122 -0.858826 -0.232757 
5.744908 7.639394 18.111909 2.036361 3.430572 -1.363946 -0.852467 -0.230910 
5.752876 7.627194 18.136399 2.029596 3.436944 -1.353051 -0.845657 -0.228947 
5.760844 7.615137 18.161016 2.022886 3.443490 -1.341453 -0.838408 -0.226869 
5.768812 7.603222 18.185761 2.016236 3.450202 -1.329167 -0.830730 -0.224681 
5.776780 7.591448 18.210633 2.009649 3.457069 -1.316210 -0.822631 -0.222384 
5.784748 7.579813 18.235632 2.003128 3.464084 -1.302596 -0.814122 -0.219980 
5.792716 7.568318 18.260757 1.996676 3.471235 -1.288340 -0.805212 -0.217472 
5.800684 7.556960 18.286008 1.990297 3.478513 -1.273485 -0.795928 -0.214866 
5.808651 7.545739 18.311384 1.983992 3.485909 -1.258608 -0.786630 -0.212249 
5.816619 7.534654 18.336884 1.977761 3.493422 -1.243930 -0.777456 -0.209654 
5.824587 7.523703 18.362508 1.971602 3.501047 -1.229448 -0.768405 -0.207081 
5.832555 7.512885 18.388254 1.965515 3.508781 -1.215162 -0.759476 -0.204532 
5.840523 7.502200 18.414124 1.959499 3.516623 -1.201069 -0.750668 -0.202006 
5.848491 7.491646 18.440114 1.953552 3.524570 -1.187169 -0.741981 -0.199504 
5.856459 7.481223 18.466226 1.947675 3.532619 -1.173458 -0.733411 -0.197026 
5.864427 7.470928 18.492459 1.941865 3.540767 -1.159936 -0.724960 -0.194572 
5.872395 7.460762 18.518811 1.936121 3.549011 -1.146600 -0.716625 -0.192143 
5.880363 7.450723 18.545283 1.930444 3.557351 -1.133447 -0.708405 -0.189740 
5.888331 7.440810 18.571874 1.924832 3.565782 -1.120477 -0.700298 -0.187362 
5.896299 7.431022 18.598583 1.919284 3.574304 -1.107686 -0.692304 -0.185009 
5.904267 7.421359 18.625410 1.913799 3.582912 -1.095073 -0.684421 -0.182682 
5.912235 7.411819 18.652354 1.908377 3.591606 -1.082635 -0.676647 -0.180380 
5.920203 7.402402 18.679415 1.903016 3.600383 -1.070370 -0.668982 -0.178104 
5.928171 7.393106 18.706592 1.897716 3.609240 -1.058276 -0.661423 -0.175855 
5.936139 7.383931 18.733885 1.892475 3.618176 -1.046350 -0.653969 -0.173631 
5.944107 7.374877 18.761293 1.887294 3.627188 -1.034590 -0.646619 -0.171433 
5.952075 7.365941 18.788817 1.882170 3.636274 -1.022993 -0.639371 -0.169261 
5.960043 7.357123 18.816454 1.877104 3.645433 -1.011558 -0.632224 -0.167114 
5.968011 7.348423 18.844206 1.872095 3.654661 -1.000281 -0.625175 -0.164994 
5.975979 7.339839 18.872071 1.867141 3.663957 -0.989160 -0.618225 -0.162900 
5.983947 7.331372 18.900049 1.862243 3.673318 -0.978193 -0.611371 -0.160831 
5.991915 7.323019 18.928140 1.857398 3.682744 -0.967377 -0.604611 -0.158787 
5.999883 7.314781 18.956343 1.852608 3.692231 -0.956710 -0.597944 -0.156769 
6.007851 7.306656 18.984658 1.847869 3.701777 -0.946190 -0.591368 -0.154777 
6.015819 7.298644 19.013084 1.843183 3.711381 -0.935813 -0.584883 -0.152809 
6.023787 7.290744 19.041622 1.838548 3.721040 -0.925578 -0.578486 -0.150866 
6.031755 7.282955 19.070270 1.833964 3.730753 -0.915482 -0.572176 -0.148949 
6.039723 7.275277 19.099028 1.829430 3.740516 -0.905522 -0.565951 -0.147055 
6.047691 7.267710 19.127895 1.824945 3.750329 -0.895697 -0.559811 -0.145186 
6.055659 7.260251 19.156873 1.820509 3.760189 -0.886004 -0.553752 -0.143342 
6.063627 7.252901 19.185959 1.816120 3.770094 -0.876440 -0.547775 -0.141521 
6.071595 7.245659 19.215154 1.811779 3.780042 -0.867003 -0.541877 -0.139724 
6.079563 7.238525 19.244457 1.807485 3.790031 -0.857690 -0.536056 -0.137950 
6.087530 7.231497 19.273867 1.803236 3.800059 -0.848500 -0.530313 -0.136200 
6.095498 7.224575 19.303386 1.799034 3.810118 -0.839429 -0.524643 -0.134472 
6.103466 7.217758 19.333010 1.794876 3.819998 -0.830429 -0.519018 -0.132768 
6.111434 7.211048 19.362738 1.790762 3.829585 -0.821477 -0.513423 -0.131086 
6.119402 7.204442 19.392566 1.786694 3.838874 -0.812573 -0.507858 -0.129426 
6.127370 7.197942 19.422493 1.782669 3.847862 -0.803719 -0.502325 -0.127789 
6.135338 7.191547 19.452514 1.778689 3.856546 -0.794916 -0.496823 -0.126173 
6.143306 7.185257 19.482626 1.774752 3.864923 -0.786164 -0.491353 -0.124580 
6.151274 7.179072 19.512827 1.770858 3.872991 -0.777465 -0.485916 -0.123009 
6.159242 7.172992 19.543114 1.767008 3.880745 -0.768818 -0.480511 -0.121459 
6.167210 7.167016 19.573483 1.763201 3.888184 -0.760225 -0.475141 -0.119930 
6.175178 7.161143 19.603931 1.759436 3.895305 -0.751686 -0.469804 -0.118423 
6.183146 7.155375 19.634456 1.755714 3.902104 -0.743202 -0.464501 -0.116937 
6.191114 7.149710 19.665054 1.752034 3.908580 -0.734773 -0.459233 -0.115471 
6.199082 7.144148 19.695722 1.748396 3.914731 -0.726399 -0.453999 -0.114026 
6.207050 7.138688 19.726456 1.744799 3.920552 -0.718081 -0.448801 -0.112601 
6.215018 7.133331 19.757255 1.741243 3.926044 -0.709819 -0.443637 -0.111196 
6.222986 7.128076 19.788114 1.737729 3.931203 -0.701613 -0.438508 -0.109810 
6.230954 7.122922 19.819030 1.734255 3.936027 -0.693464 -0.433415 -0.108445 
6.238922 7.117868 19.850001 1.730822 3.940515 -0.685371 -0.428357 -0.107098 
6.246890 7.112915 19.881023 1.727429 3.944664 -0.677335 -0.423334 -0.105770 
6.254858 7.108062 19.912092 1.724076 3.948473 -0.669356 -0.418347 -0.104461 
6.262826 7.103308 19.943207 1.720762 3.951940 -0.661433 -0.413395 -0.103171 
6.270794 7.098653 19.974362 1.717488 3.955065 -0.653566 -0.408479 -0.101898 
6.278762 7.094095 20.005556 1.714252 3.957844 -0.645757 -0.403598 -0.100643 
6.286730 7.089635 20.036785 1.711056 3.960277 -0.638003 -0.398752 -0.099406 
6.294698 7.085272 20.068046 1.707898 3.962363 -0.630306 -0.393941 -0.098186 
6.302666 7.081005 20.099336 1.704778 3.964101 -0.622665 -0.389166 -0.096983 
6.310634 7.076833 20.130651 1.701696 3.965489 -0.615080 -0.384425 -0.095797 
6.318602 7.072756 20.161988 1.698652 3.966527 -0.607550 -0.379719 -0.094627 
6.326570 7.068773 20.193344 1.695645 3.967214 -0.600076 -0.375047 -0.093473 
6.334538 7.064884 20.224716 1.692675 3.967549 -0.592656 -0.370410 -0.092335 
6.342506 7.061086 20.256101 1.689742 3.967532 -0.585292 -0.365807 -0.091213 
6.350474 7.057381 20.287495 1.686845 3.967162 -0.577981 -0.361238 -0.090106 
6.358442 7.053766 20.318895 1.683985 3.966439 -0.570725 -0.356703 -0.089014 
6.366410 7.050241 20.350298 1.681161 3.965362 -0.563522 -0.352201 -0.087936 
6.374377 7.046805 20.381701 1.678372 3.963932 -0.556372 -0.347732 -0.086873 
6.382345 7.043458 20.413101 1.675619 3.962148 -0.549275 -0.343297 -0.085823 
6.390313 7.040199 20.444494 1.672902 3.960011 -0.542230 -0.338894 -0.084788 
6.398281 7.037026 20.475878 1.670219 3.957520 -0.535237 -0.334523 -0.083766 
6.406249 7.033938 20.507248 1.667571 3.954675 -0.528295 -0.330184 -0.082757 
6.414217 7.030936 20.538603 1.664957 3.951478 -0.521404 -0.325878 -0.081761 
6.422185 7.028018 20.569939 1.662377 3.947929 -0.514564 -0.321602 -0.080778 
6.430153 7.025182 20.601252 1.659832 3.944028 -0.507773 -0.317358 -0.079807 
6.438121 7.022429 20.632541 1.657320 3.939775 -0.501032 -0.313145 -0.078848 
6.446089 7.019756 20.663801 1.654841 3.935172 -0.494339 -0.308962 -0.077901 
6.454057 7.017164 20.695029 1.652396 3.930220 -0.487695 -0.304809 -0.076965 
6.462025 7.014651 20.726223 1.649984 3.924919 -0.481098 -0.300686 -0.076040 
6.469993 7.012216 20.757379 1.647604 3.919270 -0.474549 -0.296593 -0.075127 
6.477961 7.009858 20.788495 1.645257 3.913275 -0.468046 -0.292529 -0.074224 
6.485929 7.007576 20.819567 1.642943 3.906935 -0.461589 -0.288493 -0.073331 
6.493897 7.005370 20.850593 1.640660 3.900250 -0.455178 -0.284486 -0.072449 
6.501865 7.003237 20.881569 1.638409 3.893224 -0.448812 -0.280507 -0.071576 
6.509833 7.001178 20.912492 1.636190 3.885857 -0.442490 -0.276556 -0.070713 
6.517801 6.999190 20.943360 1.634002 3.878150 -0.436212 -0.272632 -0.069859 
6.525769 6.997274 20.974170 1.631845 3.870106 -0.429977 -0.268735 -0.069014 
6.533737 6.995427 21.004918 1.629719 3.861726 -0.423784 -0.264865 -0.068178 
6.541705 6.993649 21.035602 1.627624 3.853013 -0.417634 -0.261021 -0.067350 
6.549673 6.991939 21.066220 1.625559 3.843967 -0.411526 -0.257204 -0.066531 
6.557641 6.990296 21.096767 1.623525 3.834592 -0.405458 -0.253411 -0.065719 
6.565609 6.988718 21.127242 1.621521 3.824889 -0.399431 -0.249644 -0.064915 
6.573577 6.987205 21.157641 1.619547 3.814861 -0.393443 -0.245902 -0.064119 
6.581545 6.985755 21.187962 1.617602 3.804510 -0.387495 -0.242184 -0.063330 
6.589513 6.984368 21.218202 1.615687 3.793838 -0.381585 -0.238491 -0.062547 
6.597481 6.983042 21.248358 1.613802 3.782848 -0.375714 -0.234821 -0.061771 
6.605449 6.981776 21.278429 1.611945 3.771542 -0.369880 -0.231175 -0.061002 
6.613417 6.980569 21.308410 1.610117 3.759923 -0.364084 -0.227552 -0.060239 
6.621385 6.979420 21.338299 1.608319 3.747993 -0.358324 -0.223952 -0.059481 
6.629353 6.978328 21.368095 1.606549 3.735756 -0.352599 -0.220375 -0.058730 
6.637321 6.977292 21.397793 1.604807 3.723215 -0.346911 -0.216819 -0.057983 
6.645289 6.976310 21.427392 1.603093 3.710371 -0.341257 -0.213286 -0.057242 
6.653256 6.975382 21.456890 1.601408 3.697229 -0.335638 -0.209774 -0.056506 
6.661224 6.974507 21.486283 1.599750 3.683791 -0.330053 -0.206283 -0.055774 
6.669192 6.973682 21.515569 1.598120 3.670060 -0.324501 -0.202813 -0.055047 
6.677160 6.972908 21.544746 1.596518 3.656040 -0.318983 -0.199364 -0.054324 
6.685128 6.972184 21.573811 1.594943 3.641733 -0.313497 -0.195935 -0.053605 
6.693096 6.971507 21.602763 1.593396 3.627144 -0.308043 -0.192527 -0.052889 
6.701064 6.970877 21.631598 1.591875 3.612275 -0.302621 -0.189138 -0.052177 
6.709032 6.970293 21.660314 1.590382 3.597130 -0.297229 -0.185768 -0.051468 
6.717000 6.969754 21.688910 1.588915 3.581712 -0.291869 -0.182418 -0.050762 
6.724968 6.969259 21.717382 1.587474 3.566025 -0.286539 -0.179087 -0.050059 
6.732936 6.968806 21.745729 1.586061 3.550072 -0.281239 -0.175774 -0.049358 
6.740904 6.968395 21.773948 1.584673 3.533857 -0.275969 -0.172480 -0.048660 
6.748872 6.968024 21.802038 1.583312 3.517384 -0.270727 -0.169205 -0.047963 
6.756840 6.967693 21.829996 1.581977 3.500657 -0.265515 -0.165947 -0.047269 
6.764808 6.967400 21.857820 1.580667 3.483678 -0.260331 -0.162707 -0.046576 
6.772776 6.967145 21.885509 1.579384 3.466453 -0.255175 -0.159485 -0.045884 
6.780744 6.966925 21.913059 1.578126 3.448984 -0.250047 -0.156280 -0.045193 
6.788712 6.966741 21.940469 1.576893 3.431276 -0.244947 -0.153092 -0.044503 
6.796680 6.966592 21.967738 1.575686 3.413333 -0.239874 -0.149921 -0.043814 
6.804648 6.966475 21.994863 1.574504 3.395158 -0.234827 -0.146767 -0.043125 
6.812616 6.966391 22.021842 1.573347 3.376756 -0.229808 -0.143630 -0.042437 
6.820584 6.966337 22.048674 1.572215 3.358131 -0.224814 -0.140509 -0.041748 
6.828552 6.966314 22.075356 1.571108 3.339286 -0.219847 -0.137405 -0.041059 
6.836520 6.966321 22.101888 1.570026 3.320226 -0.214906 -0.134316 -0.040370 
6.844488 6.966355 22.128267 1.568968 3.300955 -0.209991 -0.131244 -0.039679 
6.852456 6.966416 22.154491 1.567934 3.281476 -0.205101 -0.128188 -0.038988 
6.860424 6.966504 22.180559 1.566925 3.261795 -0.200237 -0.125148 -0.038296 
6.868392 6.966617 22.206470 1.565940 3.241915 -0.195398 -0.122124 -0.037602 
6.876360 6.966755 22.232221 1.564979 3.221841 -0.190584 -0.119115 -0.036907 
6.884328 6.966916 22.257811 1.564041 3.201576 -0.185796 -0.116122 -0.036209 
6.892296 6.967099 22.283240 1.563128 3.181125 -0.181032 -0.113145 -0.035510 
6.900264 6.967304 22.308504 1.562238 3.160492 -0.176293 -0.110183 -0.034809 
6.908232 6.967530 22.333603 1.561372 3.139681 -0.171579 -0.107237 -0.034104 
6.916200 6.967775 22.358535 1.560529 3.118697 -0.166890 -0.104306 -0.033398 
6.924168 6.968040 22.383299 1.559710 3.097544 -0.162225 -0.101391 -0.032688 
6.932136 6.968322 22.407894 1.558913 3.076226 -0.157586 -0.098491 -0.031975 
6.940103 6.968622 22.432318 1.558140 3.054748 -0.152971 -0.095607 -0.031259 
6.948071 6.968938 22.456570 1.557390 3.033113 -0.148381 -0.092738 -0.030539 
6.956039 6.969270 22.480648 1.556662 3.011325 -0.143816 -0.089885 -0.029815 
6.964007 6.969616 22.504553 1.555957 2.989390 -0.139277 -0.087048 -0.029087 
6.971975 6.969976 22.528282 1.555275 2.967311 -0.134762 -0.084226 -0.028355 
6.979943 6.970350 22.551834 1.554615 2.945093 -0.130273 -0.081421 -0.027619 
6.987911 6.970736 22.575208 1.553978 2.922740 -0.125809 -0.078631 -0.026878 
6.995879 6.971133 22.598403 1.553362 2.900256 -0.121371 -0.075857 -0.026132 
7.003847 6.971541 22.621419 1.552769 2.877645 -0.116960 -0.073100 -0.025382 
7.011815 6.971959 22.644253 1.552197 2.854912 -0.112574 -0.070359 -0.024626 
7.019783 6.972387 22.666906 1.551647 2.832060 -0.108214 -0.067634 -0.023864 
7.027751 6.972823 22.689376 1.551119 2.809094 -0.103882 -0.064926 -0.023097 
7.035719 6.973267 22.711663 1.550613 2.786018 -0.099576 -0.062235 -0.022324 
7.043687 6.973719 22.733765 1.550127 2.762836 -0.095298 -0.059561 -0.021545 
7.051655 6.974177 22.755682 1.549663 2.739552 -0.091048 -0.056905 -0.020760 
7.059623 6.974641 22.777412 1.549221 2.716171 -0.086826 -0.054266 -0.019969 
7.067591 6.975111 22.798956 1.548799 2.692695 -0.082632 -0.051645 -0.019171 
7.075559 6.975585 22.820312 1.548397 2.669131 -0.078467 -0.049042 -0.018366 
7.083527 6.976063 22.841480 1.548017 2.645480 -0.074332 -0.046458 -0.017554 
7.091495 6.976545 22.862459 1.547657 2.621748 -0.070227 -0.043892 -0.016735 
7.099463 6.977030 22.883249 1.547318 2.597937 -0.066152 -0.041345 -0.015909 
7.107431 6.977517 22.903848 1.546998 2.574053 -0.062108 -0.038818 -0.015076 
7.115399 6.978006 22.924257 1.546699 2.550099 -0.058096 -0.036310 -0.014235 
7.123367 6.978496 22.944475 1.546419 2.526078 -0.054117 -0.033823 -0.013386 
7.131335 6.978987 22.964500 1.546160 2.501995 -0.050170 -0.031356 -0.012530 
7.139303 6.979478 22.984334 1.545920 2.477853 -0.046256 -0.028910 -0.011665 
7.147271 6.979969 23.003975 1.545699 2.453656 -0.042377 -0.026486 -0.010793 
7.155239 6.980459 23.023423 1.545498 2.429408 -0.038532 -0.024083 -0.009912 
7.163207 6.980948 23.042677 1.545315 2.405111 -0.034724 -0.021702 -0.009022 
7.171175 6.981435 23.061738 1.545152 2.380770 -0.030951 -0.019345 -0.008125 
7.179143 6.981921 23.080605 1.545007 2.356388 -0.027216 -0.017010 -0.007218 
7.187111 6.982404 23.099277 1.544881 2.331969 -0.023519 -0.014700 -0.006303 
7.195079 6.982883 23.117754 1.544773 2.307516 -0.019861 -0.012413 -0.005379 
7.203047 6.983360 23.136037 1.544683 2.283031 -0.016243 -0.010152 -0.004446 
7.211015 6.983833 23.154124 1.544611 2.258520 -0.012665 -0.007916 -0.003505 
7.218982 6.984302 23.172016 1.544556 2.233984 -0.009129 -0.005705 -0.002554 
7.226950 6.984767 23.189712 1.544520 2.209426 -0.005635 -0.003522 -0.001594 
7.234918 6.985227 23.207213 1.544500 2.184851 -0.002185 -0.001366 -0.000625 
7.242886 6.985683 23.224518 1.544498 2.160261 0.001221 0.000763 0.000353 
7.250854 6.986133 23.241627 1.544512 2.135658 0.004581 0.002863 0.001341 
7.258822 6.986577 23.258540 1.544543 2.111047 0.007894 0.004934 0.002337 
7.266790 6.987016 23.275257 1.544591 2.086429 0.011160 0.006975 0.003343 
7.274758 6.987448 23.291778 1.544655 2.061807 0.014377 0.008986 0.004358 
7.282726 6.987874 23.308102 1.544734 2.037184 0.017545 0.010965 0.005382 
7.290694 6.988294 23.324231 1.544829 2.012564 0.020661 0.012913 0.006416 
7.298662 6.988707 23.340164 1.544940 1.987947 0.023725 0.014828 0.007458 
7.306630 6.989113 23.355900 1.545065 1.963337 0.026736 0.016710 0.008510 
7.314598 6.989512 23.371441 1.545206 1.938736 0.029692 0.018557 0.009571 
7.322566 6.989904 23.386786 1.545361 1.914147 0.032592 0.020370 0.010640 
7.330534 6.990288 23.401935 1.545530 1.889571 0.035435 0.022147 0.011719 
7.338502 6.990664 23.416888 1.545714 1.865011 0.038221 0.023888 0.012806 
7.346470 6.991033 23.431646 1.545911 1.840470 0.040946 0.025591 0.013901 
7.354438 6.991394 23.446209 1.546122 1.815948 0.043611 0.027257 0.015005 
7.362406 6.991747 23.460576 1.546345 1.791448 0.046214 0.028884 0.016118 
7.370374 6.992092 23.474749 1.546582 1.766971 0.048753 0.030471 0.017238 
7.378342 6.992429 23.488727 1.546831 1.742520 0.051228 0.032017 0.018366 
7.386310 6.992757 23.502510 1.547092 1.718097 0.053637 0.033523 0.019502 
7.394278 6.993078 23.516098 1.547365 1.693702 0.055978 0.034986 0.020645 
7.402246 6.993390 23.529493 1.547649 1.669337 0.058251 0.036407 0.021796 
7.410214 6.993693 23.542694 1.547945 1.645004 0.060454 0.037784 0.022953 
7.418182 6.993989 23.555701 1.548251 1.620704 0.062585 0.039116 0.024117 
7.426150 6.994276 23.568515 1.548568 1.596439 0.064644 0.040403 0.025287 
7.434118 6.994554 23.581136 1.548895 1.572208 0.066630 0.041643 0.026463 
7.442086 6.994824 23.593564 1.549232 1.548015 0.068539 0.042837 0.027645 
7.450054 6.995086 23.605799 1.549578 1.523858 0.070373 0.043983 0.028832 
7.458022 6.995340 23.617842 1.549932 1.499740 0.072128 0.045080 0.030024 
7.465990 6.995585 23.629694 1.550296 1.475661 0.073805 0.046128 0.031220 
7.473958 6.995822 23.641354 1.550667 1.451622 0.075401 0.047126 0.032420 
7.481926 6.996050 23.652822 1.551047 1.427623 0.076915 0.048072 0.033624 
7.489894 6.996271 23.664100 1.551433 1.403665 0.078347 0.048967 0.034831 
7.497862 6.996483 23.675187 1.551827 1.379749 0.079695 0.049809 0.036040 
7.505829 6.996688 23.686083 1.552227 1.355873 0.080957 0.050598 0.037251 
7.513797 6.996885 23.696790 1.552633 1.332040 0.082133 0.051333 0.038464 
7.521765 6.997074 23.707307 1.553045 1.308249 0.083221 0.052013 0.039678 
7.529733 6.997255 23.717635 1.553462 1.284499 0.084221 0.052638 0.040892 
7.537701 6.997428 23.727774 1.553884 1.260792 0.085132 0.053207 0.042106 
7.545669 6.997595 23.737724 1.554310 1.237126 0.085951 0.053720 0.043319 
7.553637 6.997753 23.747486 1.554739 1.213501 0.086680 0.054175 0.044530 
7.561605 6.997905 23.757060 1.555173 1.189918 0.087315 0.054572 0.045739 
7.569573 6.998050 23.766447 1.555609 1.166375 0.087857 0.054911 0.046945 
7.577541 6.998187 23.775646 1.556048 1.142872 0.088305 0.055191 0.048148 
7.585509 6.998318 23.784657 1.556488 1.119408 0.088659 0.055412 0.049346 
7.593477 6.998443 23.793483 1.556931 1.095983 0.088916 0.055572 0.050540 
7.601445 6.998561 23.802121 1.557374 1.072595 0.089077 0.055673 0.051727 
7.609413 6.998672 23.810574 1.557818 1.049243 0.089141 0.055713 0.052908 
7.617381 6.998778 23.818841 1.558261 1.025928 0.089108 0.055693 0.054081 
7.625349 6.998877 23.826922 1.558705 1.002646 0.088977 0.055611 0.055247 
7.633317 6.998971 23.834818 1.559147 0.979398 0.088748 0.055467 0.056403 
7.641285 6.999059 23.842529 1.559589 0.956181 0.088420 0.055263 0.057550 
7.649253 6.999142 23.850055 1.560028 0.932994 0.087994 0.054996 0.058685 
7.657221 6.999219 23.857396 1.560465 0.909835 0.087468 0.054668 0.059810 
7.665189 6.999292 23.864553 1.560899 0.886704 0.086844 0.054278 0.060921 
7.673157 6.999359 23.871526 1.561330 0.863597 0.086121 0.053826 0.062020 
7.681125 6.999422 23.878315 1.561757 0.840513 0.085300 0.053312 0.063104 
7.689093 6.999480 23.884920 1.562179 0.817450 0.084380 0.052737 0.064173 
7.697061 6.999534 23.891341 1.562597 0.794406 0.083362 0.052101 0.065227 
7.705029 6.999584 23.897579 1.563009 0.771379 0.082246 0.051404 0.066263 
7.712997 6.999630 23.903633 1.563416 0.748365 0.081033 0.050645 0.067281 
7.720965 6.999672 23.909504 1.563816 0.725364 0.079723 0.049827 0.068281 
7.728933 6.999711 23.915192 1.564210 0.702372 0.078318 0.048949 0.069261 
7.736901 6.999746 23.920697 1.564596 0.679386 0.076818 0.048011 0.070221 
7.744869 6.999778 23.926019 1.564975 0.656405 0.075224 0.047015 0.071159 
7.752837 6.999807 23.931157 1.565345 0.633424 0.073537 0.045960 0.072075 
7.760805 6.999833 23.936113 1.565707 0.610441 0.071758 0.044849 0.072967 
7.768773 6.999857 23.940885 1.566060 0.587454 0.069889 0.043681 0.073835 
7.776741 6.999878 23.945474 1.566403 0.564457 0.067931 0.042457 0.074678 
7.784708 6.999896 23.949880 1.566736 0.541450 0.065886 0.041179 0.075496 
7.792676 6.999913 23.954103 1.567059 0.518427 0.063755 0.039847 0.076286 
7.800644 6.999927 23.958142 1.567371 0.495386 0.061539 0.038462 0.077048 
7.808612 6.999940 23.961997 1.567672 0.472324 0.059242 0.037026 0.077782 
7.816580 6.999951 23.965669 1.567961 0.449235 0.056865 0.035540 0.078487 
7.824548 6.999960 23.969156 1.568238 0.426117 0.054409 0.034006 0.079161 
7.832516 6.999968 23.972459 1.568503 0.402965 0.051878 0.032424 0.079805 
7.840484 6.999975 23.975578 1.568755 0.379776 0.049274 0.030796 0.080417 
7.848452 6.999980 23.978511 1.568993 0.356546 0.046599 0.029124 0.080996 
7.856420 6.999985 23.981259 1.569219 0.333270 0.043855 0.027410 0.081542 
7.864388 6.999989 23.983822 1.569430 0.309943 0.041046 0.025654 0.082053 
7.872356 6.999992 23.986198 1.569627 0.286563 0.038175 0.023859 0.082531 
7.880324 6.999994 23.988388 1.569810 0.263123 0.035243 0.022027 0.082973 
7.888292 6.999996 23.990391 1.569978 0.239620 0.032255 0.020159 0.083379 
7.896260 6.999997 23.992207 1.570131 0.216048 0.029213 0.018258 0.083749 
7.904228 6.999998 23.993834 1.570269 0.192403 0.026121 0.016326 0.084081 
7.912196 6.999999 23.995273 1.570391 0.168680 0.022983 0.014364 0.084376 
7.920164 6.999999 23.996522 1.570498 0.144874 0.019800 0.012375 0.084633 
7.928132 7.000000 23.997581 1.570589 0.120980 0.016578 0.010361 0.084851 
7.936100 7.000000 23.998450 1.570663 0.096992 0.013320 0.008325 0.085031 
7.944068 7.000000 23.999127 1.570721 0.072906 0.010029 0.006268 0.085171 
7.952036 7.000000 23.999611 1.570763 0.048716 0.006709 0.004193 0.085271 
7.960004 7.000000 23.999903 1.570788 0.024415 0.003365 0.002103 0.085332 
7.967972 7.000000 24.000000 1.570796 -0.000000 -0.000000 -0.000000 -0.042627 
