2.19345092773e-05 -2.28675 -0.562461 1.98097 -0.0526214 -0.222198 0.0 0.00693246 -0.246586 -0.00874835 -2.32758 -0.59577 2.20317
0.000133991241455 -2.28675 -0.562461 1.98097 -0.0526214 -0.222198 0.0 0.00693246 -0.246586 -0.00874835 -2.32758 -0.59577 2.20317
0.100247859955 -2.33252 -0.469243 1.98153 -0.0683849 -0.177022 -0.0605621 0.00976221 -0.258685 0.0166261 -2.38848 -0.50859 2.15856
0.200248003006 -2.3883 -0.357492 1.98425 -0.0807632 -0.124463 -0.0558177 0.022825 -0.268269 0.0454351 -2.45812 -0.398104 2.10871
0.300174951553 -2.44726 -0.242405 1.98431 -0.0861458 -0.0796601 -0.0500782 -0.0364532 -0.269306 0.0688596 -2.52244 -0.284493 2.06397
0.400202989578 -2.49828 -0.121944 1.97765 -0.0954412 -0.044818 -0.0433611 -0.1012 -0.259705 0.0851002 -2.58403 -0.163849 2.02246
0.500228881836 -2.56138 0.0409568 1.96636 -0.10546 -0.00670376 -0.0375178 -0.118239 -0.23991 0.0990084 -2.66035 0.00420505 1.97306
0.600245952606 -2.57798 0.0950717 1.95433 -0.111043 -0.00663789 -0.0322768 -0.135902 -0.22962 0.0985501 -2.67965 0.0503441 1.96096
0.700278997421 -2.5969 0.186993 1.94061 -0.127444 0.00337604 -0.0278668 -0.136126 -0.212824 0.0994446 -2.71832 0.147696 1.93723
0.800252914429 -2.60788 0.257231 1.92734 -0.141929 0.00550907 -0.0249151 -0.136499 -0.19963 0.0979891 -2.74408 0.216396 1.92183
0.900250911713 -2.63376 0.321168 1.9151 -0.139244 0.00456745 -0.0228467 -0.131402 -0.189928 0.0966432 -2.76334 0.269929 1.91053
1.00024700165 -2.64499 0.382696 1.90446 -0.14873 0.00862601 -0.0203614 -0.109827 -0.178205 0.0951987 -2.7889 0.343993 1.89584
1.10025191307 -2.66879 0.443297 1.89353 -0.145245 0.00839884 -0.0184853 -0.117317 -0.169051 0.0934373 -2.80795 0.401559 1.88513
1.20024895668 -2.69198 0.509458 1.88135 -0.143263 0.00665038 -0.0166261 -0.137556 -0.159503 0.091009 -2.82688 0.46085 1.8747
1.30021381378 -2.7236 0.569689 1.86539 -0.130697 0.000829679 -0.0148873 -0.145198 -0.149497 0.0878467 -2.84567 0.521861 1.86456
1.40024995804 -2.74544 0.641595 1.85418 -0.130043 0.00264973 -0.013059 -0.0991552 -0.138574 0.0849241 -2.87048 0.605868 1.85153
1.50024795532 -2.78304 0.719616 1.84364 -0.115025 0.00455236 -0.011165 -0.123232 -0.128387 0.08196 -2.89498 0.692884 1.83908
1.60025000572 -2.80452 0.804125 1.83297 -0.116262 0.00572548 -0.0095629 -0.104492 -0.117865 0.0781167 -2.91914 0.782865 1.82725
1.70024895668 -2.83479 0.902532 1.82226 -0.111409 0.00621602 -0.00801205 -0.11796 -0.107748 0.0740046 -2.94293 0.875758 1.81605
1.80024886131 -2.86469 0.996492 1.80986 -0.104684 0.00436487 -0.00656884 -0.141872 -0.097653 0.0693317 -2.96635 0.9715 1.8055
1.90025091171 -2.90107 1.0899 1.79939 -0.090529 0.00377136 -0.00559989 -0.0828658 -0.088445 0.0648561 -2.98939 1.07002 1.79562
2.00024795532 -2.93427 1.18386 1.79406 -0.07867 0.00764153 -0.00466433 -0.0599381 -0.0802949 0.0607801 -3.01203 1.17122 1.78642
2.10024881363 -2.96161 1.2793 1.78881 -0.0720179 0.0108927 -0.00377821 -0.057249 -0.0723237 0.0563906 -3.0343 1.27503 1.77792
2.20027685165 -2.98639 1.36325 1.78322 -0.0648173 0.01122 -0.00315862 -0.0654338 -0.0663575 0.0528154 -3.05076 1.35454 1.772
2.30019783974 -3.00604 1.44831 1.77725 -0.0623271 0.0107919 -0.00266227 -0.0612941 -0.0605509 0.0491419 -3.06702 1.43541 1.76646
2.40020895004 -3.02825 1.52022 1.77163 -0.0543386 0.0103188 -0.00223821 -0.0481664 -0.0550893 0.0455513 -3.08309 1.5176 1.76131
2.50024700165 -3.05462 1.61325 1.76972 -0.0458458 0.0131662 -0.00195711 -0.0143021 -0.0502639 0.0423277 -3.09897 1.60107 1.75655
2.60021281242 -3.06804 1.6909 1.76872 -0.0468145 0.0165615 -0.00155604 -0.028472 -0.0457025 0.0391521 -3.1147 1.68578 1.75216
2.7002518177 -3.09795 1.78598 1.76565 -0.0343356 0.0175258 -0.00118687 -0.0443387 -0.0413051 0.0359476 -3.13027 1.77169 1.74813
2.8002409935 -3.10661 1.86956 1.76344 -0.0403705 0.0189933 -0.00102009 -0.0210042 -0.0372643 0.032907 -3.1457 1.85875 1.74444
2.90024280548 -3.13017 1.95703 1.7629 -0.0321124 0.0218114 -0.000831381 -0.0152953 -0.0337495 0.0302075 -3.16102 1.94693 1.74109
3.00026202202 -3.14384 2.04135 1.76293 -0.0327902 0.0248918 -0.000669077 -0.0147937 -0.0306645 0.0277774 -3.17622 2.0362 1.73804
3.10018992424 -3.16837 2.1279 1.76192 -0.0228841 0.0266463 -0.000526893 -0.0193648 -0.0280177 0.0256427 -3.19134 2.12653 1.73527
3.20026087761 -3.18937 2.21593 1.76046 -0.0164806 0.0277132 -0.000412963 -0.0249051 -0.0258794 0.0238879 -3.20639 2.21791 1.73275
3.30026698112 -3.215 2.31434 1.75944 -0.00693341 0.0290214 -0.000384392 -0.0142041 -0.0243312 0.0226087 -3.22138 2.31033 1.73042
3.4002699852 -3.23917 2.40663 1.75843 0.00236747 0.030182 -0.000344645 -0.0117704 -0.0233268 0.0217769 -3.23632 2.40379 1.72825
3.50026488304 -3.27273 2.50763 1.75899 0.0198074 0.0328137 -0.000379072 0.00380053 -0.0228854 0.0214236 -3.25122 2.49828 1.72617
3.60026288033 -3.29287 2.60715 1.75845 0.0244384 0.0350038 -0.000243166 -0.0331536 -0.0229184 0.0214617 -3.271 2.62572 1.72345
3.7002518177 -3.30679 2.69388 1.75402 0.0250588 0.0319635 -0.000227625 -0.0403523 -0.0230919 0.0215916 -3.28085 2.69001 1.72206
3.80025982857 -3.34182 2.79025 1.75306 0.045296 0.0331989 -0.000410102 -0.000759839 -0.0240966 0.022441 -3.29554 2.7871 1.71986
3.90026783943 -3.36537 2.87828 1.75315 0.0556387 0.0356839 -0.000394766 -0.0240055 -0.0259096 0.0239692 -3.31012 2.88495 1.71747
4.00024390221 -3.38686 2.95779 1.75079 0.0653583 0.0360061 -0.000499742 -0.0248031 -0.0285679 0.026173 -3.32455 2.98354 1.71478
4.10026288033 -3.41066 3.05193 1.75113 0.0754968 0.0383354 -0.000691882 0.00198547 -0.0306699 0.0279108 -3.33407 3.04969 1.71279
4.20024895668 -3.42714 3.13681 1.75 0.0799531 0.040462 -0.000660287 -0.039793 -0.0332358 0.03 -3.34818 3.14953 1.70954
4.30026483536 -3.44691 3.2304 1.74627 0.0867408 0.0402265 -0.000753595 -0.0369746 -0.0349262 0.0313491 -3.36206 3.25017 1.70604
4.40025901794 -3.47474 3.32121 1.74442 0.102197 0.0420391 -0.000869664 -0.0183527 -0.0359128 0.0321533 -3.37568 3.35164 1.70238
4.50025200844 -3.49634 3.42184 1.74291 0.110537 0.0430181 -0.000840657 -0.0283009 -0.0360499 0.0322735 -3.38461 3.41976 1.69989
4.60024785995 -3.51258 3.50746 1.7403 0.115805 0.0441331 -0.000789091 -0.0337339 -0.0354665 0.0318234 -3.39777 3.52269 1.69617
4.70025086403 -3.53272 3.60494 1.73759 0.123767 0.0450677 -0.000714317 -0.0337245 -0.0340139 0.0306753 -3.41067 3.62657 1.69253
4.80024981499 -3.55762 3.68871 1.73473 0.138414 0.0445402 -0.000643014 -0.0340628 -0.0325601 0.0295048 -3.41913 3.69637 1.69019
4.90026283264 -3.57605 3.79008 1.73262 0.144834 0.0457246 -0.000555625 -0.0239738 -0.02992 0.0273637 -3.43161 3.80192 1.6869
5.00024700165 -3.58886 3.87607 1.73185 0.147719 0.0479244 -0.000427688 -0.0236419 -0.0268808 0.0248604 -3.44388 3.90854 1.68393
5.10024189949 -3.60327 3.97244 1.72959 0.151231 0.0474258 -0.00022946 -0.0530591 -0.0247262 0.0230518 -3.45196 3.98023 1.68216
5.20026087761 -3.62157 4.07177 1.72526 0.158517 0.0453731 -0.000139374 -0.0470095 -0.022052 0.020809 -3.46396 4.0887 1.67989
5.30025696754 -3.64733 4.16518 1.72384 0.174025 0.0457139 -0.000207966 -0.0130096 -0.0219602 0.0209379 -3.47587 4.19832 1.67813
5.40027189255 -3.66381 4.2571 1.72361 0.180599 0.0463577 -0.000208542 -0.0165174 -0.0255666 0.0244902 -3.48378 4.27204 1.67725
5.50027298927 -3.68248 4.35384 1.72228 0.188933 0.0458509 -0.000417729 -0.0188291 -0.0502936 0.0483431 -3.49565 4.38361 1.67643
5.60026597977 -3.70128 4.44576 1.72126 0.197944 0.04504 -0.00212593 -0.0156959 -0.229319 0.220555 -3.50359 4.45864 1.67622
5.70027089119 -3.71812 4.5399 1.72087 0.204786 0.0444496 0.000589682 -0.023407 0.0501996 -0.0482207 -3.51561 4.57214 1.67642
5.80026483536 -3.72435 4.63071 1.7169 0.201384 0.0400048 0.000519423 -0.0618016 0.0281736 -0.0269967 -3.52371 4.64844 1.6769
5.90017795563 -3.74131 4.72745 1.71465 0.207961 0.0365056 0.000220064 0.00518915 0.019631 -0.0186749 -3.53606 4.76379 1.67814
6.00017786026 -3.76524 4.81919 1.72114 0.221872 0.0418189 -1.99773e-05 0.0769374 0.0186015 -0.0175583 -3.54446 4.84127 1.67932
6.1002509594 -3.78123 4.91296 1.72856 0.227528 0.0478002 0.000122109 0.0507725 0.0191 -0.0178591 -3.553 4.91919 1.68076
6.20026183128 -3.79245 5.00729 1.73097 0.228197 0.0475485 0.000359485 0.0160018 0.0214392 -0.0197496 -3.56614 5.03683 1.68342
6.30027198792 -3.81174 5.09884 1.7342 0.236968 0.0486876 0.000403705 0.0296164 0.0232579 -0.0212086 -3.57515 5.11571 1.68551
6.40026903152 -3.82639 5.18836 1.73732 0.24113 0.0482356 0.000580541 0.0216538 0.0262066 -0.0235542 -3.58906 5.23464 1.68909
6.50025486946 -3.8486 5.28083 1.74103 0.252179 0.0492851 0.000602331 0.0451742 0.0280342 -0.0249633 -3.59863 5.31425 1.69175
6.60016202927 -3.87387 5.37387 1.74663 0.265886 0.0520101 0.000685623 0.0505866 0.0296616 -0.0261737 -3.60844 5.39408 1.69462
6.70026683807 -3.88497 5.46282 1.75084 0.265728 0.0515603 0.000955762 0.0207503 0.032257 -0.0281276 -3.62366 5.51408 1.69928
6.80022788048 -3.90499 5.55604 1.75468 0.273512 0.0520707 0.000967745 0.0453155 0.0337589 -0.0292196 -3.63414 5.59418 1.70261
6.90024185181 -3.92428 5.65278 1.75985 0.27972 0.0537629 0.00108872 0.0377681 0.035062 -0.0301342 -3.6449 5.67428 1.70609
7.00025081635 -3.93953 5.74359 1.76399 0.282327 0.0524222 0.00130222 0.0182726 0.0371206 -0.0316237 -3.66157 5.79429 1.71157
7.10018587112 -3.96199 5.81976 1.76688 0.293772 0.0515052 0.00140955 0.014178 0.0383413 -0.0324881 -3.67305 5.87418 1.71537
7.20019388199 -3.98445 5.91316 1.77011 0.302369 0.0508167 0.00146613 0.0232759 0.039575 -0.033349 -3.68483 5.95399 1.7193
7.3002679348 -4.00545 5.99841 1.77436 0.31031 0.0510164 0.00155294 0.0262922 0.0407832 -0.0341644 -3.69691 6.03369 1.72334
7.40025401115 -4.03864 6.09626 1.77782 0.327916 0.0481781 0.00172208 0.0239751 0.0429693 -0.0356811 -3.71564 6.15301 1.72964
7.50022602081 -4.06159 6.18374 1.78383 0.336539 0.049822 0.00177357 0.0448235 0.0441869 -0.036435 -3.72852 6.23234 1.73401
7.60020780563 -4.06977 6.27343 1.78798 0.32978 0.0494797 0.00199562 0.0185349 0.0457776 -0.0374929 -3.74174 6.31147 1.73851
7.70016598701 -4.10785 6.37443 1.79204 0.35002 0.04652 0.00213578 0.0416672 0.0484052 -0.0392194 -3.76217 6.42968 1.74552
7.80018401146 -4.13324 6.46802 1.79864 0.358433 0.0457638 0.00226825 0.0727167 0.0511233 -0.0409143 -3.78335 6.54717 1.75288
7.90017080307 -4.14984 6.56625 1.8044 0.356737 0.0464202 0.00258633 0.03997 0.0530333 -0.0420585 -3.79789 6.62502 1.75798
8.00025081635 -4.1391 6.63055 1.80812 0.334057 0.0448651 0.00279708 0.0464858 0.0555081 -0.0436381 -3.81276 6.70242 1.76325
8.10025286674 -4.20049 6.7562 1.81262 0.369716 0.0411201 0.00316216 0.0482296 0.0591417 -0.0457856 -3.83569 6.81758 1.7715
8.20021080971 -4.22869 6.84831 1.81677 0.378537 0.0365988 0.00369657 0.0242568 0.0635577 -0.048408 -3.85937 6.93147 1.78017
8.30025100708 -4.25273 6.93115 1.81956 0.384574 0.0333476 0.0040561 0.0200682 0.0668122 -0.0502844 -3.87557 7.00659 1.78621
8.40024995804 -4.27678 7.01584 1.82385 0.389591 0.0281727 0.00456801 0.0353212 0.0719999 -0.0532045 -3.90048 7.11796 1.79568
8.50025296211 -4.30766 7.09146 1.82887 0.402646 0.0266252 0.00489775 0.0479693 0.0750192 -0.0547173 -3.91751 7.19127 1.80225
8.60025000572 -4.33573 7.18004 1.83457 0.409319 0.0255564 0.00529711 0.0445577 0.0780328 -0.0561826 -3.93485 7.26379 1.80901
8.70024895668 -4.35587 7.26881 1.83927 0.407413 0.0197691 0.00598822 0.0294992 0.0834704 -0.0590742 -3.96148 7.37102 1.8195
8.80024981499 -4.37711 7.34961 1.84256 0.407772 0.0158396 0.00638601 0.0420923 0.0871239 -0.0609593 -3.97964 7.44144 1.82672
8.90028190613 -4.39859 7.44784 1.84799 0.40302 0.0101354 0.00701853 0.0595279 0.0927699 -0.0638209 -4.00746 7.54543 1.83786
9.000248909 -4.43118 7.53957 1.85469 0.409611 0.00533396 0.00769502 0.0701266 0.0981314 -0.0663144 -4.036 7.64744 1.84936
9.10024785995 -4.45938 7.63798 1.86157 0.408981 0.000361508 0.00846103 0.0700082 0.103803 -0.0689308 -4.06523 7.74743 1.86121
9.20024681091 -4.48647 7.73324 1.8686 0.406961 -0.00479914 0.0092731 0.0684369 0.109687 -0.0715804 -4.09516 7.84541 1.8734
9.30024790764 -4.52627 7.83646 1.87765 0.413248 -0.0125047 0.010336 0.0889055 0.117671 -0.0750003 -4.13614 7.97295 1.89015
9.40025091171 -4.55483 7.93357 1.88688 0.409267 -0.0162146 0.0112563 0.0820633 0.1236 -0.077346 -4.16768 8.06631 1.9031
9.5002579689 -4.38907 7.90892 1.89536 0.262259 -0.0209947 0.0122216 0.0807919 0.13489 -0.0837952 -4.19991 8.15775 1.91635
9.60016679764 -4.60817 8.11445 1.90554 0.398078 -0.0243847 0.0128561 0.100169 0.136136 -0.0821343 -4.23284 8.24731 1.92992
9.70023298264 -4.64686 8.20748 1.91748 0.400695 -0.0310201 0.0144172 0.10645 0.144727 -0.0851815 -4.27783 8.36389 1.9485
9.80025601387 -4.67688 8.29514 1.92725 0.39571 -0.035552 0.0157073 0.0756776 0.15151 -0.0875605 -4.31241 8.44928 1.9628
9.90020298958 -4.70276 8.37409 1.93643 0.388923 -0.0409794 0.0168131 0.0912453 0.158733 -0.0901326 -4.34773 8.53297 1.97741
10.0002448559 -4.53237 8.3033 1.94688 0.258834 -0.00635395 0.0147875 0.0928949 0.145512 -0.0848484 -4.28928 8.39254 1.95323
10.1001839638 -4.56593 8.38651 1.95547 0.258152 -0.0121606 0.0160026 0.0765326 0.152662 -0.0874704 -4.3241 8.47736 1.96763
10.2002120018 -4.59157 8.46657 1.96464 0.250117 -0.0177137 0.0170692 0.11056 0.160181 -0.0902296 -4.35966 8.5605 1.98235
10.3002519608 -4.6432 8.55348 1.97522 0.261663 -0.0272509 0.0186386 0.105227 0.170025 -0.0935515 -4.40826 8.66887 2.00247
10.400261879 -4.68226 8.64151 1.98878 0.259572 -0.0291609 0.0197317 0.131583 0.176348 -0.0951049 -4.44562 8.74837 2.01794
10.5001809597 -4.71289 8.73696 2.00051 0.244879 -0.038568 0.0217242 0.0873356 0.187979 -0.099376 -4.49672 8.85212 2.03908
10.6002128124 -4.44839 9.03811 2.01081 -0.128998 -0.0555407 0.0256792 0.110425 0.228657 -0.123403 -4.56275 8.9784 2.06635
10.7001619339 -4.74145 8.9599 2.02463 0.165534 -0.0585506 0.0255849 0.145013 0.21588 -0.110699 -4.6036 9.05247 2.08318
10.8001768589 -4.79943 9.03533 2.03892 0.178393 -0.0614375 0.0269949 0.124608 0.221937 -0.111632 -4.64541 9.12533 2.10036
10.9002048969 -4.59852 9.29478 2.05172 -0.127589 -0.0721124 0.0307769 0.122547 0.258119 -0.132708 -4.70274 9.22072 2.12383
11.0001909733 -4.64661 9.37484 2.06674 -0.129792 -0.0812122 0.0328139 0.161541 0.270787 -0.137005 -4.76201 9.31421 2.14795
11.1002600193 -4.69812 9.45324 2.0837 -0.130123 -0.0827859 0.0341837 0.162353 0.277866 -0.138593 -4.80781 9.38315 2.16649
11.2002549171 -4.74621 9.51625 2.10103 -0.126293 -0.0843649 0.0354675 0.172385 0.284243 -0.139799 -4.85484 9.45113 2.18539
11.3001890182 -4.79845 9.59983 2.11808 -0.132698 -0.0865936 0.0368279 0.162894 0.291501 -0.141754 -4.90315 9.5182 2.20467
11.4002540112 -4.85362 9.65821 2.13459 -0.123622 -0.0897498 0.0380123 0.158502 0.29726 -0.142866 -4.95282 9.58441 2.22433
11.5002558231 -4.91172 9.72511 2.15133 -0.119052 -0.0930369 0.039055 0.173952 0.3 -0.144177 -5.00392 9.64977 2.24437
11.6001698971 -4.95615 9.78497 2.16905 -0.122336 -0.0957076 0.0399993 0.194691 0.3 -0.145733 -5.05653 9.71434 2.26476
11.7001748085 -5.0184 9.85817 2.18722 -0.122197 -0.0982849 0.040883 0.18901 0.3 -0.146955 -5.11073 9.77812 2.28551
11.8002510071 -5.09322 9.9538 2.20625 -0.130137 -0.107443 0.0420103 0.207757 0.3 -0.150738 -5.18562 9.86201 2.31369
11.9002509117 -5.15144 10.0181 2.22712 -0.131785 -0.10808 0.042378 0.218021 0.3 -0.151249 -5.24386 9.92408 2.3352
12.000235796 -5.20344 10.0783 2.24778 -0.136788 -0.109197 0.042756 0.184289 0.3 -0.152082 -5.30399 9.98543 2.35698
12.1002719402 -5.24482 10.1154 2.26524 -0.134076 -0.106402 0.0426488 0.174226 0.3 -0.151027 -5.34517 10.0259 2.37164
12.2002418041 -5.30267 10.1712 2.28385 -0.134449 -0.102552 0.0423382 0.186846 0.3 -0.14979 -5.38725 10.0662 2.3864
12.3002438545 -5.34808 10.1962 2.30292 -0.121995 -0.098325 0.041849 0.184811 0.3 -0.147472 -5.43028 10.1061 2.40124
12.4002478123 -5.38897 10.254 2.3202 -0.137676 -0.0959549 0.0415467 0.185188 0.3 -0.14768 -5.47428 10.1457 2.41616
12.5002539158 -5.4146 10.1502 2.33819 -0.043218 -0.0705051 0.0400585 0.177677 0.295662 -0.133223 -5.45216 10.1259 2.40869
12.6002049446 -5.44097 10.1734 2.35704 -0.0428605 -0.0591173 0.039312 0.186466 0.289622 -0.129635 -5.47428 10.1457 2.41616
12.7002599239 -5.49504 10.2301 2.37573 -0.0500359 -0.0553867 0.0387717 0.193954 0.286768 -0.12884 -5.51927 10.185 2.43112
12.8002579212 -5.56217 10.2911 2.39472 -0.0537306 -0.0588824 0.0380761 0.190111 0.284904 -0.129821 -5.58865 10.2433 2.45361
12.9002218246 -5.65396 10.4015 2.41208 -0.083497 -0.0788557 0.037008 0.176817 0.28736 -0.136784 -5.70927 10.3387 2.49094
13.0002179146 -5.71889 10.441 2.4301 -0.0761342 -0.0756195 0.0357186 0.194867 0.280371 -0.134687 -5.75926 10.3762 2.50572
13.1002259254 -5.80165 10.4295 2.44928 -0.0182457 -0.0710874 0.0346153 0.19608 0.267753 -0.128976 -5.81022 10.4132 2.52037
13.2002618313 -5.83289 10.4555 2.46805 -0.0213536 -0.0595855 0.0330551 0.188602 0.260417 -0.125488 -5.83607 10.4316 2.52763
13.3002028465 -5.86329 10.3886 2.48649 0.0508398 -0.0411451 0.0319387 0.187459 0.24629 -0.115712 -5.83607 10.4316 2.52763
13.4002408981 -5.94445 10.441 2.50275 0.0537245 -0.0463714 0.0303354 0.156012 0.239632 -0.116117 -5.91506 10.486 2.54912
13.500232935 -6.08397 10.6643 2.51792 -0.0596557 -0.079008 0.0264174 0.166728 0.234597 -0.126592 -6.1076 10.6089 2.59693
13.6002559662 -6.16587 10.7057 2.53499 -0.0535298 -0.0811907 0.0239233 0.175649 0.222028 -0.123821 -6.19352 10.6598 2.61618
13.7002489567 -6.29622 10.8684 2.55131 -0.132209 -0.100888 0.0198596 0.155451 0.205668 -0.124092 -6.37121 10.7585 2.6522
13.8002448082 -6.378 10.9058 2.56528 -0.12726 -0.0981599 0.0182717 0.140609 0.195313 -0.120198 -6.4321 10.7905 2.66344
13.9002609253 -6.40608 10.8176 2.57839 -0.0360209 -0.0850463 0.0177266 0.157044 0.187307 -0.114055 -6.4321 10.7905 2.66344
14.0002670288 -6.48078 10.8665 2.59198 -0.0455596 -0.0822953 0.0163389 0.137956 0.178225 -0.110859 -6.49378 10.8221 2.67428
14.1002879143 -6.52105 10.8096 2.60451 0.0233726 -0.0750332 0.0153351 0.147926 0.169137 -0.105637 -6.52491 10.8377 2.67954
14.2002568245 -6.5949 10.8508 2.61729 0.0191166 -0.0724807 0.0140011 0.139669 0.160342 -0.102303 -6.58773 10.8685 2.68977
14.300262928 -6.71232 10.9994 2.63053 -0.0652781 -0.0830182 0.0111661 0.136472 0.14487 -0.0982394 -6.74797 10.9439 2.71355
14.400274992 -6.79324 11.0439 2.64168 -0.0725633 -0.0806513 0.0101528 0.0938508 0.136292 -0.0943136 -6.81327 10.9734 2.72233
14.5002598763 -6.93361 11.2175 2.6498 -0.176456 -0.0963634 0.00741888 0.0640001 0.117178 -0.0866404 -7.01294 11.0594 2.74617
14.6001899242 -7.02125 11.2535 2.65809 -0.176201 -0.095192 0.00638924 0.0917633 0.108967 -0.0820853 -7.08067 11.0874 2.75328
14.7002038956 -7.0669 11.2088 2.66749 -0.117629 -0.0891892 0.00586998 0.0968617 0.103211 -0.0782991 -7.11473 11.1013 2.75668
14.8002078533 -7.15331 11.247 2.67597 -0.120911 -0.0871873 0.00511466 0.0860259 0.0954753 -0.073774 -7.18325 11.1288 2.76316
14.9002459049 -7.25218 11.2946 2.68362 -0.129269 -0.088493 0.00401544 0.0962812 0.0849301 -0.0674751 -7.28694 11.1695 2.77211
15.000264883 -7.34153 11.3421 2.69221 -0.141709 -0.0879363 0.00313006 0.0905579 0.0745941 -0.0608683 -7.39164 11.2095 2.78015
15.1002449989 -7.40915 11.3193 2.70002 -0.0965651 -0.0825996 0.00283175 0.0804707 0.0702949 -0.0577936 -7.42674 11.2227 2.78262
15.2002429962 -7.50374 11.3613 2.70397 -0.103165 -0.0854671 0.00232116 0.0178557 0.061054 -0.051535 -7.53262 11.262 2.78944
15.3002429008 -7.62055 11.4368 2.7076 -0.134208 -0.0895452 0.00135724 0.0607542 0.0493754 -0.0431086 -7.67493 11.3137 2.79715
15.4002599716 -7.72052 11.4759 2.71368 -0.137459 -0.0882219 0.000843038 0.06732 0.0407413 -0.0364263 -7.7824 11.352 2.8019
15.5002570152 -7.76616 11.411 2.71636 -0.0610911 -0.0855382 0.000996516 0.0196563 0.0403812 -0.0360888 -7.7824 11.352 2.8019
15.6002538204 -7.85063 11.4486 2.71757 -0.0685803 -0.0882249 0.000623277 0.0229098 0.0327996 -0.0300016 -7.89035 11.3899 2.8058
15.7002449036 -8.01065 11.6595 2.71996 -0.2155 -0.0904515 0.000244719 0.0221675 0.0234625 -0.0221958 -8.07108 11.4524 2.81042
15.8001718521 -8.10011 11.6916 2.72089 -0.216815 -0.0911933 0.000205381 0.0167513 0.0251605 -0.0240954 -8.17981 11.4897 2.81209
15.9002029896 -8.19007 11.7401 2.72078 -0.233688 -0.0919713 0.000382293 -0.0052953 0.0380836 -0.036598 -8.25234 11.5145 2.81276
16.000207901 -8.28088 11.7729 2.72097 -0.235431 -0.0921246 -0.00460025 0.0283 -0.3 0.3 -8.36114 11.5516 2.8131
16.1002509594 -8.37658 11.8267 2.72314 -0.255417 -0.0895208 -0.000513577 0.0386347 -0.0306277 0.0293512 -8.46982 11.5886 2.81266
16.2002658844 -8.4647 11.8673 2.72579 -0.265329 -0.0861588 -0.000334011 0.0265907 -0.0199719 0.0190324 -8.54215 11.6133 2.81195
16.300180912 -8.56552 11.8964 2.72364 -0.260134 -0.0866225 -0.000101071 -0.0445504 -0.0172287 0.0161683 -8.65039 11.6505 2.81026
16.400154829 -8.65816 11.9358 2.71696 -0.267225 -0.0908744 -0.000167002 -0.0594173 -0.0193146 0.0177422 -8.75821 11.6877 2.80784
16.5002689362 -8.72969 11.9609 2.71226 -0.267385 -0.0935561 -0.000383723 -0.0344435 -0.0215883 0.0195226 -8.82981 11.7126 2.80582
16.6001968384 -8.81293 11.9892 2.70762 -0.266641 -0.0958712 -0.000510482 -0.0401258 -0.0241413 0.0214818 -8.90113 11.7376 2.80349
16.7002739906 -8.90997 12.03 2.70188 -0.272724 -0.0975489 -0.000702476 -0.0574528 -0.028282 0.0245586 -9.00756 11.7752 2.79943
16.8002638817 -8.99028 12.0585 2.69771 -0.272535 -0.098632 -0.00104559 -0.0212756 -0.0311384 0.0265993 -9.07807 11.8005 2.79634
16.9002678394 -9.12406 12.1755 2.69537 -0.33662 -0.0919682 -0.0016271 -0.020779 -0.0389095 0.0319409 -9.25265 11.8641 2.78734
17.0001618862 -9.23867 12.2079 2.68977 -0.326961 -0.0913107 -0.00197531 -0.0491113 -0.0435661 0.0349098 -9.35605 11.9027 2.78108
17.1002428532 -9.33216 12.2763 2.68379 -0.357591 -0.0904244 -0.00248362 -0.0350607 -0.0480191 0.0375295 -9.45834 11.9417 2.77421
17.2002558708 -9.41968 12.3317 2.67893 -0.377496 -0.0878127 -0.00290858 -0.0568123 -0.052721 0.0402111 -9.5594 11.981 2.76675
17.3002429008 -9.52953 12.4221 2.67258 -0.420748 -0.0833167 -0.00362029 -0.0626866 -0.0589575 0.04351 -9.69209 12.034 2.75589
17.4002439976 -9.62437 12.4535 2.66542 -0.413707 -0.0816874 -0.00421282 -0.0651519 -0.0638407 0.0459822 -9.78994 12.0743 2.7471
17.5002608299 -9.70041 12.4905 2.66023 -0.418432 -0.0807245 -0.0046722 -0.0558831 -0.0669779 0.0474429 -9.85434 12.1013 2.74095
17.6002588272 -9.79269 12.5196 2.65341 -0.408695 -0.0778805 -0.00526189 -0.0740205 -0.0721824 0.049935 -9.94963 12.1422 2.73129
17.7002398968 -9.90217 12.5374 2.64572 -0.380683 -0.0754068 -0.00579043 -0.0634115 -0.0777727 0.0525987 -10.0433 12.1835 2.72113
17.8002529144 -9.94673 12.5739 2.64162 -0.395556 -0.0724634 -0.00665029 -0.0333789 -0.0811835 0.054023 -10.1049 12.2113 2.71408
17.9001510143 -10.0269 12.6171 2.63652 -0.401066 -0.0665949 -0.00741018 -0.0471899 -0.0869251 0.0565557 -10.196 12.2534 2.70311
18.0001978874 -10.1099 12.6736 2.63009 -0.4164 -0.061588 -0.00818633 -0.0604852 -0.0923268 0.0586572 -10.2855 12.296 2.69168
18.1002049446 -10.1443 12.5984 2.62262 -0.333677 -0.0690599 -0.00821338 -0.0617131 -0.0927906 0.0590374 -10.2855 12.296 2.69168
18.200248003 -10.214 12.6466 2.61586 -0.346271 -0.0639234 -0.00908955 -0.0600084 -0.0984573 0.0612073 -10.3734 12.3391 2.67978
18.3002479076 -10.291 12.6925 2.60966 -0.35264 -0.0577844 -0.0100197 -0.0609567 -0.104586 0.0636057 -10.4597 12.3827 2.66744
18.4002509117 -10.3743 12.739 2.60094 -0.355496 -0.0537283 -0.0108611 -0.0896453 -0.110371 0.0655862 -10.5445 12.4269 2.65466
18.5002479553 -10.4472 12.7804 2.59125 -0.357473 -0.0502094 -0.0118335 -0.0922334 -0.116117 0.0674035 -10.6277 12.4717 2.64146
18.6002659798 -10.5408 12.8339 2.58232 -0.358857 -0.0455189 -0.0129485 -0.0655887 -0.122266 0.0694105 -10.7093 12.517 2.62784
18.700168848 -10.6189 12.8704 2.57486 -0.351548 -0.0389463 -0.0138498 -0.0936391 -0.129325 0.0719969 -10.7895 12.563 2.61381
18.8002698421 -10.7233 12.917 2.56377 -0.337958 -0.0307014 -0.0153956 -0.111569 -0.139005 0.0754517 -10.8939 12.6252 2.59448
18.9002428055 -10.8088 12.9726 2.55426 -0.339908 -0.0201962 -0.0171245 -0.0800546 -0.148899 0.0788584 -10.9957 12.6886 2.57445
19.0002508163 -10.895 13.0278 2.54432 -0.339341 -0.0146745 -0.0182781 -0.119145 -0.1557 0.0808266 -11.0703 12.7369 2.559
19.1002488136 -10.9793 13.0847 2.53024 -0.339175 -0.00757627 -0.0198157 -0.144445 -0.164724 0.0832878 -11.1674 12.8024 2.53781
19.2002558708 -11.0694 13.1332 2.51846 -0.326857 0.0024665 -0.0218492 -0.0842321 -0.175696 0.0870514 -11.2619 12.8691 2.51599
19.3002588749 -11.1503 13.1909 2.51007 -0.325201 0.0165195 -0.0237004 -0.0925715 -0.187495 0.0912933 -11.3539 12.9371 2.49356
19.400261879 -11.2143 13.2428 2.49809 -0.327391 0.0217595 -0.0247942 -0.136152 -0.19414 0.0928345 -11.4212 12.9889 2.47633
19.5002439022 -11.2752 13.2845 2.48358 -0.322108 0.0247901 -0.0260059 -0.128362 -0.200504 0.094166 -11.487 13.0415 2.45879
19.6001839638 -11.3385 13.3312 2.47191 -0.317861 0.0309841 -0.0275481 -0.101483 -0.20799 0.0962959 -11.5514 13.0949 2.44092
19.70023489 -11.394 13.3821 2.46134 -0.320619 0.0385896 -0.0287185 -0.115044 -0.215361 0.0983586 -11.6144 13.149 2.42275
19.8002529144 -11.4379 13.4349 2.44804 -0.331064 0.0375722 -0.0293671 -0.139343 -0.216957 0.0974432 -11.6557 13.1855 2.41047
19.9002599716 -11.5069 13.482 2.43403 -0.319147 0.0422242 -0.0307054 -0.128424 -0.224216 0.0995064 -11.7164 13.241 2.3918
20.000264883 -11.5832 13.535 2.42127 -0.304632 0.0547879 -0.0326563 -0.115095 -0.236394 0.104068 -11.7952 13.3163 2.36648
20.1002619267 -11.6474 13.6119 2.40864 -0.313327 0.0679559 -0.0342851 -0.135444 -0.246441 0.107303 -11.8715 13.393 2.34068
20.2002580166 -11.723 13.6825 2.39225 -0.30671 0.0778123 -0.0357552 -0.181467 -0.256243 0.110564 -11.9455 13.4713 2.31444
20.3002569675 -11.804 13.7567 2.37464 -0.295599 0.0936028 -0.0379179 -0.161673 -0.270103 0.116045 -12.0345 13.5714 2.28103
20.4002540112 -11.8854 13.8308 2.35706 -0.280858 0.103184 -0.0393412 -0.183816 -0.28002 0.119953 -12.1031 13.6534 2.25387
20.5002570152 -11.952 13.9099 2.34232 -0.27763 0.115968 -0.0409551 -0.128261 -0.289892 0.124151 -12.1693 13.7371 2.22636
20.6001758575 -12.0012 13.9585 2.32793 -0.26749 0.122434 -0.0416696 -0.184968 -0.296236 0.126831 -12.2174 13.801 2.2055
20.7002568245 -12.0405 14.0167 2.30728 -0.269683 0.122804 -0.0420551 -0.206995 -0.298 0.126717 -12.2642 13.8659 2.18447
20.8002009392 -12.0837 14.0762 2.28882 -0.267966 0.12553 -0.042745 -0.162946 -0.3 0.127719 -12.3096 13.9319 2.16329
20.9001829624 -12.1351 14.121 2.27091 -0.249894 0.121822 -0.0429494 -0.17199 -0.3 0.127914 -12.3392 13.9765 2.14909
21.0001969337 -12.1755 14.1735 2.25288 -0.243917 0.125194 -0.0431677 -0.181621 -0.3 0.129428 -12.3824 14.0442 2.12769
21.100181818 -12.211 14.2226 2.23398 -0.239213 0.120574 -0.0427506 -0.197135 -0.3 0.12833 -12.4104 14.09 2.11341
21.2002599239 -12.2594 14.2895 2.21684 -0.231165 0.131858 -0.0424425 -0.156411 -0.3 0.132564 -12.4648 14.1831 2.08498
21.3002610207 -12.3145 14.3486 2.20105 -0.211533 0.137142 -0.0415289 -0.178338 -0.3 0.135577 -12.504 14.2543 2.06391
21.4001779556 -12.3403 14.4246 2.18008 -0.224107 0.136898 -0.0396288 -0.227028 -0.29614 0.13433 -12.5419 14.3266 2.04318
21.500191927 -12.3662 14.5004 2.15912 -0.234816 0.136231 -0.0376998 -0.201224 -0.286781 0.133049 -12.5785 14.4001 2.02289
21.6002600193 -12.4084 14.5673 2.13804 -0.225316 0.134911 -0.0354593 -0.2248 -0.277762 0.132652 -12.6138 14.4747 2.00313
21.7002599239 -12.4553 14.6297 2.11565 -0.208254 0.131654 -0.0331437 -0.211698 -0.267436 0.131814 -12.6479 14.5504 1.98399
21.8001878262 -12.5103 14.6946 2.09709 -0.183201 0.131577 -0.0311235 -0.172127 -0.258963 0.131997 -12.6807 14.6273 1.96552
21.9002599716 -12.5613 14.7737 2.08066 -0.165661 0.13299 -0.0290828 -0.162321 -0.250449 0.13175 -12.7124 14.7053 1.94767
22.000191927 -12.6005 14.8427 2.06334 -0.153813 0.132898 -0.0269658 -0.190575 -0.241029 0.130448 -12.7429 14.7843 1.93044
22.1001768112 -12.6226 14.9224 2.04404 -0.160418 0.130244 -0.0248645 -0.201465 -0.229779 0.127398 -12.7723 14.8645 1.9138
22.2002589703 -12.6636 15.0006 2.02636 -0.147292 0.128644 -0.0231601 -0.173199 -0.220598 0.125444 -12.8005 14.9456 1.89772
22.3002519608 -12.7073 15.0684 2.01095 -0.127002 0.128782 -0.021612 -0.149871 -0.212644 0.124021 -12.8277 15.0279 1.88217
22.4002559185 -12.7483 15.1423 1.99519 -0.109984 0.128047 -0.0199983 -0.164067 -0.204399 0.122024 -12.8538 15.1111 1.86714
22.5002589226 -12.7818 15.223 1.98065 -0.100914 0.128045 -0.018656 -0.128788 -0.196303 0.119794 -12.8788 15.1954 1.85261
22.6002578735 -12.8096 15.2997 1.96641 -0.0949915 0.127866 -0.0171396 -0.165995 -0.188245 0.117263 -12.9029 15.2807 1.83855
22.7002589703 -12.8428 15.3822 1.951 -0.0842738 0.126055 -0.0158851 -0.154456 -0.180299 0.114503 -12.9259 15.367 1.82494
22.8002669811 -12.8696 15.4756 1.93611 -0.0811515 0.124326 -0.0146743 -0.154201 -0.172408 0.111486 -12.948 15.4542 1.81178
22.9002079964 -12.9081 15.5495 1.92203 -0.0609724 0.122999 -0.0136174 -0.147352 -0.165553 0.109009 -12.969 15.5424 1.79903
23.0002589226 -12.9367 15.6333 1.90848 -0.0516607 0.121787 -0.0126173 -0.133325 -0.158639 0.106228 -12.9892 15.6316 1.78669
23.100260973 -12.9749 15.7068 1.89681 -0.0297845 0.118121 -0.0120115 -0.119125 -0.15399 0.104205 -13.0021 15.6916 1.77869
23.2002458572 -13.0082 15.8064 1.88724 -0.0169065 0.124034 -0.0109551 -0.101861 -0.147163 0.101858 -13.0266 15.8125 1.7632
23.3001739979 -13.0397 15.8974 1.8775 -0.00295604 0.125466 -0.01006 -0.128671 -0.141691 0.0995757 -13.0439 15.9041 1.75203
23.4002590179 -13.0685 15.988 1.86524 0.00947822 0.123996 -0.00928861 -0.130039 -0.135823 0.0967734 -13.0603 15.9963 1.74124
23.5002589226 -13.1036 16.0849 1.85381 0.0281787 0.122986 -0.00865716 -0.111217 -0.130454 0.0942004 -13.0758 16.0891 1.73082
23.6002588272 -13.1402 16.1722 1.84521 0.0508746 0.124451 -0.00814007 -0.0816217 -0.125863 0.0921103 -13.0903 16.1823 1.72076
23.7002658844 -13.1777 16.2728 1.83864 0.0734269 0.127583 -0.00759663 -0.0747532 -0.121727 0.090252 -13.104 16.2758 1.71106
23.8002588749 -13.2032 16.3814 1.83034 0.0841896 0.131688 -0.00671221 -0.121748 -0.116069 0.0874414 -13.1209 16.401 1.69865
23.9002559185 -13.237 16.4767 1.81887 0.105954 0.129128 -0.00621197 -0.118031 -0.111321 0.0847521 -13.1325 16.4952 1.68974
24.0002579689 -13.2596 16.5636 1.80963 0.118365 0.128467 -0.00587596 -0.0811703 -0.106965 0.0822772 -13.1434 16.5894 1.68116
24.100260973 -13.2855 16.6233 1.80288 0.137608 0.127256 -0.00560347 -0.075452 -0.104182 0.0806686 -13.1502 16.6522 1.67562
24.2002630234 -13.3064 16.7056 1.79489 0.14996 0.124676 -0.00526953 -0.0875973 -0.101166 0.0788117 -13.1566 16.7149 1.67022
24.3002588749 -13.3321 16.7784 1.78695 0.168616 0.124577 -0.00486503 -0.0919201 -0.0973666 0.0765723 -13.1656 16.809 1.66238
24.4002869129 -13.349 16.8584 1.78009 0.178241 0.122767 -0.004655 -0.0796856 -0.0946423 0.0748612 -13.1712 16.8716 1.65732
24.5002589226 -13.3686 16.9226 1.77302 0.192455 0.12062 -0.00443853 -0.07272 -0.0919948 0.073178 -13.1765 16.9341 1.6524
24.600260973 -13.3891 16.9963 1.76652 0.207109 0.118912 -0.00420994 -0.0731406 -0.0894794 0.0715737 -13.1814 16.9964 1.6476
24.7002589703 -13.4008 17.0742 1.75909 0.213147 0.118428 -0.00382512 -0.0913071 -0.0859395 0.0693085 -13.1883 17.0896 1.64066
24.800262928 -13.4246 17.1518 1.75189 0.231681 0.115697 -0.00366357 -0.0791988 -0.0834916 0.0676805 -13.1924 17.1515 1.63619
24.9002649784 -13.4556 17.231 1.74606 0.257766 0.11634 -0.00346931 -0.0573172 -0.080499 0.0657861 -13.1982 17.244 1.62972
25.000262022 -13.4764 17.3307 1.74128 0.272958 0.117752 -0.00322202 -0.0545158 -0.077589 0.063906 -13.2033 17.3358 1.62353
25.1002500057 -13.4907 17.4005 1.73693 0.283735 0.119326 -0.00298524 -0.0531021 -0.0747493 0.0620339 -13.2079 17.427 1.6176
25.2002549171 -13.5087 17.4947 1.73119 0.297578 0.119249 -0.00264294 -0.0834186 -0.0718149 0.0600263 -13.2118 17.5175 1.61195
25.3002660275 -13.518 17.5975 1.72101 0.302869 0.114465 -0.0022654 -0.124006 -0.0684139 0.0575483 -13.2153 17.6072 1.60655
25.4002590179 -13.55 17.6937 1.71195 0.331665 0.110539 -0.00227606 -0.063071 -0.0653877 0.0553629 -13.2182 17.6959 1.60141
25.5001788139 -13.5836 17.8019 1.71065 0.362278 0.11571 -0.00222414 -0.011486 -0.0624171 0.0533545 -13.2214 17.8129 1.59494
25.6002559662 -13.5995 17.9072 1.70758 0.375994 0.118669 -0.00188912 -0.0399916 -0.0591695 0.0510319 -13.2239 17.928 1.58891
25.7002580166 -13.6052 17.9963 1.70509 0.380129 0.120416 -0.00182871 -0.0114983 -0.0567194 0.0492381 -13.2252 18.013 1.58467
25.8002598286 -13.6105 18.0764 1.70537 0.384497 0.123398 -0.00172183 -0.0140178 -0.0552553 0.0481812 -13.2259 18.0691 1.58198
25.9002568722 -13.633 18.1648 1.70211 0.406192 0.125215 -0.00136316 -0.0565947 -0.0520402 0.0457644 -13.2269 18.1795 1.57689
26.0002589226 -13.6384 18.24 1.69857 0.411189 0.124061 -0.00137014 -0.0276782 -0.0502809 0.0443962 -13.2271 18.2339 1.5745
26.1002688408 -13.6641 18.314 1.69894 0.436808 0.127834 -0.00133879 0.000202319 -0.0481229 0.0427684 -13.2273 18.3144 1.57111
26.2002680302 -13.6799 18.3963 1.69783 0.452661 0.129899 -0.00107081 -0.0381306 -0.0457888 0.0409512 -13.2272 18.3935 1.56793
26.3002538681 -13.7026 18.4806 1.69463 0.475743 0.129651 -0.000889759 -0.053473 -0.0433299 0.0389913 -13.2269 18.4713 1.56498
26.4002559185 -13.72 18.5655 1.69172 0.493837 0.130351 -0.000751411 -0.0486907 -0.0401138 0.0363971 -13.2261 18.5727 1.56137
26.5002849102 -13.7563 18.6683 1.68931 0.531188 0.131167 -0.000662598 -0.0338319 -0.0369748 0.0338299 -13.225 18.6714 1.55814
26.6002578735 -13.7676 18.7653 1.68885 0.543877 0.133571 -0.00052989 -0.0344983 -0.0339215 0.0312979 -13.2236 18.7673 1.55527
26.7002530098 -13.7839 18.8596 1.68487 0.561666 0.132097 -0.000358465 -0.0489872 -0.0308031 0.0286543 -13.2221 18.8605 1.55277
26.8002560139 -13.803 18.9452 1.68353 0.582436 0.13241 -0.000457408 -0.00043002 -0.0286973 0.0268598 -13.2208 18.9284 1.55112
26.9002559185 -13.8196 19.0408 1.68446 0.601023 0.13566 -0.00036068 0.00185214 -0.0258238 0.0244089 -13.2185 19.038 1.5488

