7.234 0.000889973 0.00104422 0.000172846 -4.91527e-05
7.334 0.00111293 0.00108362 0.000169291 -7.35674e-05
7.434 0.0235409 0.00112403 0.000209421 -0.0033493
7.534 0.119369 0.00124044 0.000205316 -0.00751998
7.634 0.28156 0.00131069 8.72387e-05 -0.0100998
7.734 0.475 0.0013539 9.00506e-05 -0.00387079
7.834 0.673646 0.0014103 9.1582e-05 9.40402e-05
7.934 0.872393 0.00146682 8.87561e-05 0.000120887
8.034 1.07114 0.00152287 8.63915e-05 -0.000147157
8.134 1.26989 0.00157834 8.3806e-05 0.000118501
8.234 1.46863 0.00163341 8.19008e-05 -5.10129e-05
8.334 1.66738 0.00168799 7.97237e-05 9.03526e-05
8.434 1.86612 0.00174216 7.76076e-05 -6.14368e-05
8.534 2.06487 0.00179586 7.53283e-05 7.09275e-05
8.634 2.26362 0.00184919 7.27812e-05 -8.68594e-05
8.734 2.46236 0.00190203 7.05243e-05 3.25532e-05
8.834 2.66111 0.00195443 6.68852e-05 -6.57605e-05
8.934 2.85986 0.0020063 6.51101e-05 2.58113e-05
9.034 3.0586 0.0020576 6.13953e-05 7.19887e-05
9.134 3.25735 0.00210836 5.87627e-05 -7.75475e-05
9.234 3.45609 0.0021585 5.6166e-05 0.000123818
9.335 3.65484 0.00220812 5.33571e-05 -6.2488e-05
9.434 3.85359 0.00225718 5.112e-05 0.000106152
9.534 4.05233 0.00230578 4.88831e-05 -0.000167025
9.634 4.25108 0.00235392 4.68883e-05 2.92057e-05
9.734 4.44983 0.00240162 4.41164e-05 -7.09566e-05
9.834 4.64857 0.00244886 4.20432e-05 -3.52868e-05
9.934 4.84732 0.00249567 3.89173e-05 -7.5387e-05
10.034 5.04606 0.002542 3.65816e-05 -0.000103875
10.134 5.24481 0.00258778 3.35645e-05 8.35961e-05
10.234 5.44356 0.00263303 3.0727e-05 -0.00014374
10.334 5.6423 0.00267766 2.78054e-05 7.8868e-05
10.434 5.84105 0.00272172 2.48656e-05 -0.000100207
10.534 6.0398 0.00276518 2.25092e-05 0.000101674
10.634 6.23854 0.00280812 1.95602e-05 -5.55517e-06
10.734 6.43729 0.00285052 1.72489e-05 1.60003e-05
10.834 6.63604 0.00289243 1.427e-05 -7.07702e-05
10.934 6.83478 0.00293387 1.19866e-05 -9.76303e-05
11.035 7.03353 0.00297484 9.09966e-06 9.91202e-05
11.134 7.23227 0.00301532 6.45284e-06 -7.70223e-05
11.234 7.43253 0.00404298 0.0136093 0.234801
11.334 7.62781 0.00907888 0.0359268 0.224227
11.434 7.81761 0.0180683 0.0576411 0.211349
11.534 8.00599 0.0311339 0.0792079 0.222406
11.634 8.19398 0.0482644 0.10082 0.215718
11.734 8.38053 0.0695318 0.122223 0.208548
11.834 8.56718 0.094647 0.143492 0.211269
11.934 8.75303 0.123874 0.164895 0.214658
12.034 8.93864 0.157149 0.186323 0.21391
12.134 9.12358 0.194382 0.207619 0.203024
12.234 9.30743 0.235601 0.229072 0.221703
12.334 9.49018 0.280739 0.25047 0.213263
12.434 9.67343 0.330097 0.271783 0.197777
12.534 9.85669 0.383679 0.293342 0.218725
12.634 10.0375 0.440792 0.314855 0.217427
12.734 10.2151 0.501162 0.336292 0.212319
12.834 10.3918 0.565384 0.358776 0.207728
12.934 10.5673 0.633526 0.381291 0.221067
13.034 10.7408 0.705256 0.402745 0.209956
13.134 10.9132 0.781058 0.424266 0.217657
13.234 11.0842 0.860522 0.445803 0.214242
13.334 11.2532 0.943579 0.467382 0.219809
13.434 11.4201 1.03009 0.488827 0.2156
13.534 11.5859 1.12071 0.510231 0.220164
13.634 11.7496 1.21474 0.531739 0.221484
13.734 11.9191 1.31719 0.553046 0.208975
13.834 12.0713 1.41359 0.574285 0.200315
13.934 12.2372 1.52381 0.595541 0.21062
14.034 12.3851 1.62655 0.616777 0.201602
14.134 12.5376 1.7374 0.63813 0.206005
14.234 12.6875 1.85142 0.659489 0.201454
14.334 12.8359 1.96922 0.680664 0.200639
14.434 12.981 2.08952 0.701878 0.215123
14.534 13.1231 2.21271 0.723232 0.20967
14.634 13.2629 2.33909 0.744653 0.204822
14.734 13.4001 2.46854 0.76585 0.209125
14.834 13.5347 2.60118 0.787251 0.218204
14.934 13.6667 2.73681 0.80855 0.216656
15.034 13.7954 2.8748 0.829741 0.190499
15.134 13.9215 3.01593 0.851052 0.229898
15.234 14.0439 3.15892 0.872391 0.221633
15.334 14.1635 3.30468 0.893728 0.227865
15.434 14.2797 3.45281 0.91492 0.215813
15.534 14.393 3.60351 0.936314 0.2177
15.634 14.5093 3.76559 0.957598 0.202565
15.735 14.6104 3.91324 0.979019 0.210574
15.834 14.7141 4.07131 1.00037 0.207253
15.934 14.8192 4.23969 1.02177 0.218286
16.034 14.9108 4.39404 1.0432 0.206673
16.134 15.0036 4.55791 1.06464 0.214896
16.234 15.0929 4.72344 1.08587 0.227601
16.334 15.1788 4.89128 1.1072 0.217228
16.434 15.2613 5.06092 1.12847 0.213238
16.534 15.3401 5.23272 1.14989 0.202827
16.634 15.4152 5.40593 1.17121 0.202997
16.734 15.4865 5.58056 1.19268 0.226778
16.834 15.5542 5.75682 1.214 0.199716
16.935 15.6182 5.93457 1.23522 0.208322
17.034 15.6784 6.11401 1.25668 0.216615
17.134 15.7377 6.3037 1.27776 0.189414
17.234 15.7878 6.47686 1.29913 0.204707
17.334 15.8364 6.65904 1.32053 0.207533
17.434 15.8814 6.84317 1.3419 0.221354
17.534 15.9224 7.02891 1.36335 0.209184
17.634 15.9595 7.21521 1.38475 0.224154
17.734 15.9925 7.40203 1.4061 0.209235
17.834 16.0216 7.58956 1.42752 0.220763
17.934 16.0467 7.77838 1.44914 0.206075
18.034 16.0677 7.96672 1.47058 0.213022
18.134 16.0854 8.16471 1.49218 0.207738
18.234 16.0975 8.34357 1.5137 0.204844
18.334 16.1062 8.53322 1.53433 0.231471
18.434 16.1109 8.72321 1.555 0.215146
18.534 16.1114 8.9129 1.5768 0.220768
18.634 16.108 9.10146 1.59842 0.221404
18.734 16.1004 9.29007 1.62006 0.227091
18.834 16.0889 9.47857 1.64167 0.226635
18.934 16.0732 9.66685 1.66326 0.223943
19.035 16.0535 9.85518 1.68481 0.21486
19.134 16.0298 10.0428 1.70623 0.220894
19.234 16.002 10.2299 1.72773 0.215248
19.335 15.9706 10.4162 1.7489 0.204312
19.434 15.9351 10.6016 1.77029 0.217562
19.534 15.8956 10.7864 1.79155 0.207583
19.634 15.8522 10.9702 1.81289 0.220004
19.734 15.8048 11.1527 1.83436 0.217554
19.834 15.7534 11.3355 1.85796 0.216709
19.934 15.6979 11.5175 1.87953 0.210282
