0.0 -0.203249 0.0239199 2.39535e-05
0.0 -0.203249 0.0239199 2.39535e-05
0.005 -0.203266 0.0239219 -2.82385e-05
0.01 -0.203283 0.0239239 -0.000187582
0.015 -0.203283 0.0239239 -0.000187582
0.02 -0.203283 0.0239239 -0.000187582
0.025 -0.203334 0.0239299 -8.38652e-05
0.03 -0.203334 0.0239299 -8.38652e-05
0.035 -0.20335 0.0239319 -5.80283e-05
0.04 -0.20335 0.0239319 -5.80283e-05
0.045 -0.203384 0.0239359 8.78053e-05
0.05 -0.203401 0.0239379 -4.04718e-05
0.055 -0.203418 0.0239399 -0.000203629
0.06 -0.203435 0.0239419 -1.28263e-05
0.065 -0.203452 0.0239439 6.41815e-05
0.07 -0.203452 0.0239439 6.41815e-05
0.076 -0.203486 0.0239479 -0.000121567
0.08 -0.203503 0.0239499 -3.83254e-05
0.085 -0.20352 0.0239519 0.000103687
0.091 -0.203554 0.023956 -6.02331e-05
0.095 -0.203554 0.023956 -0.000124147
0.1 -0.203564 0.0239591 0.0157122
0.105 -0.203468 0.0239532 0.0475392
0.11 -0.203235 0.0239563 0.0480326
0.115 -0.202143 0.0241311 0.140833
0.12 -0.202143 0.0241311 0.140833
0.125 -0.201339 0.0243158 0.178216
0.131 -0.200356 0.0245365 0.0961164
0.135 -0.197828 0.024994 0.12479
0.14 -0.197828 0.024994 0.12479
0.146 -0.196264 0.0251449 0.126624
0.151 -0.194492 0.0252591 0.128084
0.155 -0.192535 0.0253987 0.156056
0.16 -0.190377 0.025565 0.142263
0.166 -0.188027 0.025749 0.145682
0.17 -0.185479 0.0259629 0.140828
0.175 -0.182763 0.0261982 0.131682
0.18 -0.179845 0.0264153 0.137992
0.185 -0.176748 0.026655 0.138927
0.19 -0.173468 0.0269008 0.138432
0.195 -0.170014 0.0271362 0.126627
0.2 -0.166373 0.0273516 0.123102
0.205 -0.16255 0.0274961 0.137566
0.21 -0.158551 0.0276201 0.112899
0.215 -0.154359 0.0277717 0.145759
0.22 -0.14999 0.0279462 0.132986
0.225 -0.140695 0.0284051 0.143727
0.23 -0.140695 0.0284051 0.143727
0.235 -0.135766 0.0285992 0.170388
0.24 -0.130651 0.0288089 0.168614
0.245 -0.119854 0.029208 0.158322
0.25 -0.119854 0.029208 0.158322
0.255 -0.114162 0.0293797 0.153784
0.26 -0.102278 0.0297266 0.161251
0.265 -0.102278 0.0297266 0.161251
0.27 -0.0960415 0.0299034 0.177832
0.275 -0.0896537 0.0301071 0.193187
0.28 -0.0830913 0.0303134 0.168414
0.285 -0.0763701 0.0305037 0.180845
0.29 -0.0694685 0.0307115 0.175992
0.295 -0.0623962 0.0309231 0.183844
0.3 -0.0551815 0.0311156 0.181365
0.305 -0.0478125 0.0313119 0.183283
0.31 -0.0403133 0.0315158 0.183044
0.315 -0.0326955 0.031699 0.176535
0.32 -0.0249947 0.031901 0.187974
0.325 -0.0171924 0.0321349 0.194919
0.33 -0.0092764 0.0323657 0.187282
0.335 -0.00123963 0.0326039 0.197173
0.34 0.00691526 0.0328628 0.200786
0.345 0.0151727 0.0331354 0.188622
0.35 0.0319281 0.0337063 0.196926
0.355 0.0403925 0.034001 0.197349
0.36 0.0403925 0.034001 0.197349
0.365 0.0489288 0.0343102 0.198914
0.37 0.0662481 0.0349851 0.204741
0.375 0.0750474 0.0353514 0.20869
0.38 0.0750474 0.0353514 0.20869
0.385 0.0839292 0.0357316 0.211713
0.39 0.0928953 0.0361241 0.21327
0.395 0.101955 0.0365304 0.214912
0.4 0.111097 0.0369481 0.21495
0.405 0.120299 0.0373724 0.212578
0.41 0.129561 0.0377969 0.219445
0.415 0.138865 0.0382389 0.214753
0.42 0.148213 0.0387065 0.212808
0.425 0.157587 0.0391846 0.227933
0.43 0.16697 0.0396694 0.21397
0.435 0.176367 0.0401657 0.217539
0.44 0.18578 0.0406719 0.220332
0.445 0.195191 0.0411821 0.211926
0.45 0.204592 0.0416869 0.218463
0.456 0.213982 0.0422028 0.22537
0.46 0.223361 0.0427444 0.206518
0.465 0.232738 0.0433034 0.206845
0.47 0.242102 0.0438732 0.213931
0.475 0.251459 0.0444428 0.216224
0.48 0.260807 0.0450239 0.206596
0.485 0.279496 0.0461569 0.214007
0.491 0.288854 0.0467234 0.215418
0.495 0.288854 0.0467234 0.215418
0.5 0.298203 0.0473058 0.220305
0.505 0.30756 0.047913 0.200672
0.51 0.316912 0.0485222 0.209033
0.515 0.335598 0.0497587 0.22064
0.52 0.34492 0.0504054 0.217879
0.525 0.34492 0.0504054 0.217879
0.53 0.354222 0.0510693 0.20748
0.535 0.36353 0.0517536 0.212447
0.54 0.372857 0.052435 0.220568
0.545 0.382175 0.0531136 0.214169
0.55 0.391517 0.0538005 0.224319
0.555 0.400876 0.0545119 0.207938
0.56 0.410242 0.0552223 0.224567
0.565 0.419631 0.0559582 0.21872
0.57 0.429043 0.0567099 0.201807
0.575 0.438448 0.0574548 0.210493
0.58 0.447844 0.0582009 0.204491
0.585 0.457234 0.0589549 0.205861
0.59 0.466641 0.0597369 0.202039
0.595 0.485443 0.0613689 0.228443
0.6 0.485443 0.0613689 0.228443
0.605 0.49486 0.062209 0.2244
0.611 0.504275 0.0630576 0.207943
0.615 0.523112 0.0647955 0.21955
0.62 0.523112 0.0647955 0.21955
0.625 0.532554 0.0656754 0.209436
0.63 0.551457 0.0674091 0.217215
0.635 0.551457 0.0674091 0.217215
0.64 0.560899 0.0682733 0.206916
0.645 0.570334 0.0691318 0.20641
0.65 0.589133 0.070923 0.227398
0.655 0.589133 0.070923 0.227398
0.66 0.598536 0.0718606 0.201675
0.665 0.607936 0.0727893 0.20889
0.67 0.617325 0.0737333 0.212862
0.675 0.63609 0.0756755 0.211785
0.68 0.63609 0.0756755 0.211785
0.685 0.645463 0.0766654 0.215895
0.69 0.654836 0.0776698 0.215002
0.695 0.664199 0.0786866 0.205475
0.7 0.673559 0.0797089 0.223543
0.705 0.682914 0.0807448 0.215638
0.71 0.692263 0.0817935 0.226171
0.715 0.701632 0.0828382 0.214161
0.72 0.710997 0.0838796 0.203985
0.725 0.720342 0.0849104 0.206878
0.73 0.729677 0.0859613 0.212394
0.735 0.739007 0.087014 0.213733
0.74 0.748309 0.0880742 0.216839
0.745 0.757606 0.089159 0.214957
0.75 0.7669 0.0902603 0.215295
0.755 0.776209 0.0913813 0.215569
0.76 0.785524 0.092526 0.221811
0.765 0.794838 0.093682 0.209302
0.77 0.804166 0.0948536 0.220938
0.775 0.813507 0.096043 0.218726
0.78 0.822839 0.0972374 0.2187
0.785 0.841507 0.0996457 0.199042
0.79 0.841507 0.0996457 0.199042
0.796 0.85085 0.100854 0.207115
0.8 0.86019 0.102074 0.203611
0.805 0.869537 0.103293 0.206297
0.81 0.878894 0.104517 0.204581
0.815 0.888241 0.105749 0.22597
0.82 0.897591 0.107016 0.205366
0.825 0.906932 0.108293 0.218872
0.83 0.916263 0.109576 0.22323
0.835 0.925591 0.110868 0.199477
0.84 0.934905 0.112178 0.220096
0.845 0.944224 0.113497 0.208838
0.85 0.953576 0.11483 0.195709
0.855 0.962945 0.116152 0.222018
0.86 0.981626 0.118776 0.220175
0.865 0.99094 0.12011 0.205667
0.871 0.99094 0.12011 0.205667
0.875 1.00025 0.121448 0.20819
0.88 1.00953 0.122806 0.20969
0.887 1.01881 0.124183 0.218099
0.89 1.02808 0.125573 0.211238
0.896 1.03734 0.126981 0.220749
0.9 1.04662 0.128398 0.215728
0.905 1.05591 0.129812 0.206992
0.91 1.0652 0.131226 0.204905
0.915 1.08375 0.134105 0.208452
0.92 1.08375 0.134105 0.208452
0.925 1.09302 0.135547 0.214042
0.93 1.10228 0.136999 0.215673
0.935 1.11154 0.138482 0.212266
0.94 1.13012 0.141499 0.216484
0.945 1.13012 0.141499 0.216484
0.95 1.13943 0.143036 0.234112
0.955 1.14875 0.144583 0.218213
0.96 1.16743 0.147727 0.222962
0.965 1.16743 0.147727 0.222962
0.97 1.17678 0.149319 0.223076
0.975 1.18612 0.15091 0.223076
0.98 1.19542 0.152491 0.223076
0.985 1.20469 0.154076 0.223076
0.99 1.22319 0.157264 0.219536
0.995 1.23243 0.158864 0.219536
1.0 1.23243 0.158864 0.219536
1.005 1.24168 0.160483 0.219536
1.01 1.25094 0.162121 0.221518
1.015 1.26024 0.16378 0.221518
1.022 1.26958 0.165444 0.221518
1.025 1.27893 0.167128 0.221518
1.03 1.28829 0.168831 0.230219
1.035 1.29766 0.170549 0.230219
1.04 1.30703 0.172287 0.230219
1.045 1.31639 0.174027 0.230219
1.051 1.32572 0.17576 0.207752
1.055 1.33504 0.177502 0.207752
1.06 1.34436 0.17925 0.207752
1.065 1.36291 0.18276 0.20823
1.07 1.36291 0.18276 0.20823
1.075 1.38141 0.186294 0.20823
1.08 1.39065 0.188084 0.20823
1.085 1.39065 0.188084 0.215236
1.09 1.39992 0.189906 0.215236
1.095 1.41846 0.193581 0.215236
1.1 1.41846 0.193581 0.215236
1.105 1.42772 0.195419 0.221494
1.11 1.43696 0.197265 0.221494
1.115 1.45542 0.20097 0.221494
1.12 1.45542 0.20097 0.221494
1.125 1.46464 0.202844 0.221494
1.13 1.47383 0.204725 0.205435
1.135 1.48302 0.20661 0.205435
1.14 1.4922 0.208499 0.205435
1.145 1.50142 0.210409 0.205435
1.15 1.51066 0.212327 0.221501
1.155 1.52911 0.216189 0.221501
1.16 1.52911 0.216189 0.221501
1.166 1.53831 0.218131 0.221501
1.17 1.54753 0.220073 0.209137
1.176 1.55674 0.222031 0.209137
1.18 1.57514 0.225978 0.209137
1.185 1.57514 0.225978 0.209137
1.19 1.59351 0.229974 0.210425
1.195 1.59351 0.229974 0.210425
1.2 1.60266 0.231975 0.210425
1.205 1.61184 0.233995 0.210425
1.21 1.63027 0.23808 0.202293
1.215 1.63027 0.23808 0.202293
1.22 1.63947 0.24012 0.202293
1.225 1.65785 0.244244 0.203853
1.23 1.65785 0.244244 0.203853
1.235 1.66703 0.246318 0.203853
1.24 1.6762 0.248406 0.203853
1.245 1.68537 0.250504 0.209639
1.25 1.70368 0.254731 0.209639
1.255 1.71285 0.256859 0.209639
1.26 1.71285 0.256859 0.209639
1.265 1.73126 0.261169 0.211329
1.27 1.74053 0.263357 0.211329
1.275 1.74053 0.263357 0.211329
1.28 1.74981 0.26555 0.211329
1.285 1.76835 0.269959 0.206302
1.29 1.7776 0.27218 0.206302
1.295 1.7776 0.27218 0.206302
1.3 1.79609 0.276656 0.206302
1.305 1.80532 0.278922 0.210668
1.31 1.80532 0.278922 0.210668
1.315 1.81454 0.281197 0.210668
1.32 1.83292 0.285747 0.210668
1.325 1.83292 0.285747 0.210668
1.33 1.84208 0.288024 0.212188
1.335 1.86035 0.292588 0.212188
1.34 1.86035 0.292588 0.212188
1.345 1.8695 0.294887 0.212188
1.35 1.87868 0.297207 0.22125
1.355 1.88786 0.299513 0.22125
1.36 1.89702 0.301831 0.22125
1.365 1.90615 0.304163 0.22125
1.37 1.91527 0.306509 0.22066
1.375 1.92439 0.308867 0.22066
1.38 1.9335 0.311238 0.22066
1.385 1.9426 0.313626 0.22066
1.39 1.95172 0.316029 0.221927
1.395 1.96084 0.318438 0.221927
1.4 1.96995 0.320855 0.221927
1.405 1.97903 0.323277 0.208174
1.41 1.9881 0.325701 0.208174
1.415 1.99716 0.328136 0.208174
1.42 2.00623 0.33058 0.208174
1.425 2.01531 0.333034 0.215527
1.43 2.02443 0.335505 0.215527
1.435 2.03354 0.337985 0.215527
1.44 2.04266 0.340478 0.215527
1.445 2.05177 0.34298 0.218178
1.45 2.06088 0.345493 0.218178
1.455 2.06997 0.348015 0.218178
1.46 2.07906 0.350545 0.218178
1.465 2.08812 0.35309 0.218178
1.471 2.09717 0.355638 0.212697
1.475 2.10621 0.358187 0.212697
1.48 2.11525 0.360741 0.212697
1.485 2.12428 0.363305 0.219461
1.49 2.13329 0.365884 0.219461
1.495 2.14231 0.368483 0.219461
1.5 2.15135 0.371112 0.219461
1.505 2.1604 0.373735 0.203235
1.51 2.16944 0.376359 0.203235
1.515 2.17847 0.378988 0.203235
1.52 2.18749 0.381634 0.203235
1.526 2.19652 0.384283 0.21248
1.53 2.20555 0.386944 0.21248
1.535 2.21458 0.389613 0.21248
1.54 2.22359 0.392288 0.21248
1.545 2.23262 0.394977 0.218447
1.55 2.24167 0.397685 0.218447
1.555 2.25982 0.403137 0.218447
1.56 2.26893 0.405894 0.218447
1.565 2.27804 0.408662 0.192983
1.57 2.27804 0.408662 0.192983
1.575 2.28714 0.411441 0.192983
1.58 2.29623 0.414224 0.192983
1.585 2.30529 0.417013 0.201942
1.59 2.31436 0.419814 0.201942
1.595 2.32343 0.422627 0.201942
1.6 2.3415 0.428269 0.201942
1.605 2.3415 0.428269 0.21159
1.61 2.35051 0.431092 0.21159
1.615 2.3595 0.433916 0.21159
1.62 2.36848 0.43675 0.21159
1.625 2.38642 0.442445 0.218925
1.63 2.38642 0.442445 0.218925
1.635 2.39538 0.445309 0.218925
1.64 2.40433 0.448175 0.218925
1.645 2.41331 0.451062 0.193493
1.651 2.4223 0.453958 0.193493
1.655 2.43128 0.456862 0.193493
1.66 2.44025 0.459772 0.193493
1.665 2.44922 0.462701 0.22226
1.67 2.45819 0.465641 0.22226
1.675 2.46715 0.468592 0.22226
1.68 2.47611 0.47155 0.22226
1.685 2.47611 0.47155 0.22226
1.69 2.50294 0.480478 0.208785
1.695 2.51187 0.483478 0.208785
1.7 2.51187 0.483478 0.208785
1.705 2.5208 0.486479 0.217896
1.71 2.53865 0.492519 0.217896
1.715 2.54758 0.49555 0.217896
1.72 2.55651 0.498592 0.217896
1.725 2.55651 0.498592 0.219141
1.73 2.56543 0.501642 0.219141
1.735 2.57436 0.504704 0.219141
1.741 2.58327 0.507773 0.219141
1.745 2.60105 0.51393 0.223239
1.75 2.60105 0.51393 0.223239
1.755 2.60992 0.517016 0.223239
1.76 2.61878 0.520108 0.223239
1.765 2.62764 0.523205 0.218682
1.77 2.63648 0.526306 0.218682
1.775 2.64535 0.529426 0.218682
1.78 2.65424 0.532564 0.218682
1.785 2.66315 0.53572 0.218714
1.79 2.6721 0.538899 0.218714
1.795 2.69002 0.545304 0.218714
1.8 2.69002 0.545304 0.218714
1.805 2.69897 0.548522 0.22069
1.81 2.70789 0.551741 0.22069
1.816 2.71682 0.554971 0.22069
1.82 2.73475 0.561483 0.22069
1.825 2.7437 0.56476 0.214669
1.83 2.7437 0.56476 0.214669
1.835 2.75265 0.568047 0.214669
1.84 2.76159 0.571338 0.214669
1.845 2.77051 0.574631 0.210138
1.85 2.77944 0.577935 0.210138
1.855 2.78833 0.581235 0.210138
1.86 2.79721 0.584549 0.210138
1.865 2.81494 0.591205 0.220228
1.87 2.82377 0.594538 0.220228
1.875 2.82377 0.594538 0.220228
1.88 2.8326 0.597878 0.220228
1.885 2.85023 0.60457 0.216326
1.89 2.85023 0.60457 0.216326
1.895 2.85903 0.607924 0.216326
1.9 2.86782 0.611289 0.216326
1.905 2.8766 0.614659 0.218015
1.91 2.88538 0.618038 0.218015
1.915 2.89415 0.621423 0.218015
1.92 2.90291 0.62482 0.218015
1.925 2.91167 0.628224 0.218235
1.93 2.92916 0.635054 0.218235
1.935 2.93789 0.638482 0.218235
1.94 2.93789 0.638482 0.218235
1.945 2.94661 0.641916 0.216906
1.95 2.95532 0.645357 0.216906
1.955 2.96403 0.648804 0.216906
1.961 2.97273 0.652262 0.216906
1.965 2.98142 0.655727 0.221701
1.97 2.99011 0.659203 0.221701
1.975 2.9988 0.662685 0.221701
1.981 3.00749 0.666193 0.221701
1.985 3.01619 0.669709 0.215895
1.99 3.02489 0.673243 0.215895
1.995 3.04228 0.680327 0.215895
2.0 3.04228 0.680327 0.215895
2.005 3.05097 0.683887 0.214914
2.01 3.05968 0.687455 0.214914
2.015 3.05968 0.687455 0.214914
2.02 3.07709 0.694624 0.214914
2.025 3.08578 0.698222 0.209294
2.031 3.09446 0.701833 0.209294
2.035 3.10314 0.70545 0.209294
2.04 3.11183 0.709089 0.209294
2.045 3.12924 0.71639 0.215792
2.05 3.12924 0.71639 0.215792
2.055 3.13792 0.720048 0.215792
2.06 3.1466 0.723724 0.215792
2.065 3.15527 0.727407 0.212023
2.07 3.16395 0.731094 0.212023
2.075 3.17262 0.734792 0.212023
2.08 3.18128 0.738501 0.212023
2.085 3.18994 0.742221 0.216768
2.09 3.19858 0.745945 0.216768
2.095 3.20722 0.749676 0.216768
2.1 3.21585 0.753412 0.216768
2.105 3.22447 0.757155 0.212972
2.11 3.2417 0.764672 0.212972
2.115 3.2417 0.764672 0.212972
2.12 3.25892 0.772236 0.212972
2.125 3.25892 0.772236 0.215572
2.13 3.26752 0.776043 0.215572
2.135 3.28481 0.783726 0.215572
2.14 3.28481 0.783726 0.215572
2.145 3.29342 0.787559 0.220617
2.15 3.31062 0.795246 0.220617
2.155 3.31062 0.795246 0.220617
2.16 3.31921 0.799102 0.220617
2.165 3.32779 0.802962 0.208971
2.17 3.33637 0.806831 0.208971
2.175 3.34493 0.810706 0.208971
2.18 3.3535 0.814588 0.208971
2.185 3.36204 0.818476 0.206683
2.19 3.37057 0.822369 0.206683
2.195 3.37909 0.826272 0.206683
2.2 3.39614 0.834122 0.206683
2.205 3.39614 0.834122 0.216061
2.21 3.40466 0.838067 0.216061
2.215 3.4132 0.842034 0.216061
2.22 3.43026 0.849977 0.216061
2.225 3.43026 0.849977 0.219429
2.23 3.43879 0.853965 0.219429
2.235 3.44731 0.857966 0.219429
2.24 3.45584 0.861968 0.219429
2.245 3.4729 0.870007 0.209337
2.25 3.4729 0.870007 0.209337
2.255 3.48142 0.874038 0.209337
2.26 3.48993 0.878077 0.209337
2.265 3.50693 0.886174 0.20639
2.27 3.50693 0.886174 0.20639
2.275 3.51541 0.890231 0.20639
2.28 3.5239 0.894302 0.20639
2.285 3.54086 0.902469 0.206386
2.29 3.54086 0.902469 0.206386
2.295 3.54932 0.906562 0.206386
2.3 3.55777 0.910661 0.206386
2.305 3.57465 0.918879 0.205211
2.31 3.58308 0.923003 0.205211
2.315 3.58308 0.923003 0.205211
2.32 3.59151 0.927145 0.205211
2.325 3.60839 0.935461 0.201459
2.33 3.61684 0.939643 0.201459
2.335 3.61684 0.939643 0.201459
2.34 3.62532 0.943845 0.201459
2.345 3.63379 0.948058 0.208962
2.35 3.64226 0.95228 0.208962
2.355 3.65072 0.956507 0.208962
2.36 3.65917 0.960739 0.208962
2.365 3.66761 0.964977 0.205764
2.37 3.67604 0.969223 0.205764
2.375 3.68445 0.973474 0.205764
2.38 3.69286 0.977732 0.205764
2.385 3.70126 0.981995 0.206024
2.39 3.70965 0.986268 0.206024
2.395 3.71804 0.990547 0.206024
2.4 3.72641 0.994834 0.206024
2.405 3.73479 0.999128 0.205851
2.411 3.74315 1.00343 0.205851
2.415 3.7515 1.00774 0.205851
2.42 3.75985 1.01206 0.205851
2.425 3.76819 1.01638 0.205739
2.43 3.77652 1.02072 0.205739
2.435 3.78485 1.02505 0.205739
2.44 3.79318 1.02941 0.205739
2.445 3.80151 1.03377 0.210028
2.45 3.80982 1.03815 0.210028
2.455 3.81811 1.04252 0.210028
2.46 3.82642 1.04691 0.210028
2.465 3.83474 1.05132 0.21195
2.47 3.84306 1.05573 0.21195
2.475 3.85139 1.06016 0.21195
2.48 3.8597 1.0646 0.21195
2.485 3.86802 1.06905 0.219781
2.49 3.87632 1.0735 0.219781
2.495 3.88462 1.07796 0.219781
2.5 3.89291 1.08243 0.219781
2.505 3.90121 1.08692 0.216196
2.51 3.9095 1.09141 0.216196
2.515 3.91777 1.0959 0.216196
2.52 3.92604 1.10041 0.216196
2.525 3.93429 1.10492 0.204622
2.53 3.9508 1.11398 0.204622
2.535 3.9508 1.11398 0.204622
2.54 3.95905 1.11852 0.204622
2.545 3.9673 1.12308 0.214946
2.55 3.97554 1.12763 0.214946
2.555 3.98377 1.1322 0.214946
2.56 3.99201 1.13679 0.214946
2.565 4.00026 1.14138 0.218744
2.57 4.00851 1.14599 0.218744
2.575 4.01675 1.1506 0.218744
2.58 4.02498 1.15523 0.218744
2.585 4.0332 1.15987 0.217457
2.59 4.04141 1.16451 0.217457
2.595 4.04962 1.16915 0.217457
2.6 4.05781 1.1738 0.217457
2.605 4.066 1.17846 0.214467
2.61 4.08236 1.1878 0.214467
2.615 4.09053 1.19248 0.214467
2.62 4.09053 1.19248 0.214467
2.625 4.09869 1.19717 0.214521
2.63 4.10684 1.20186 0.214521
2.635 4.11499 1.20657 0.214521
2.64 4.12312 1.21127 0.214521
2.645 4.13125 1.21599 0.213445
2.65 4.13936 1.22071 0.213445
2.655 4.15559 1.23019 0.213445
2.66 4.1637 1.23494 0.213445
2.665 4.1637 1.23494 0.213328
2.67 4.17177 1.23968 0.213328
2.675 4.17985 1.24444 0.213328
2.68 4.18794 1.24922 0.213328
2.685 4.19602 1.25401 0.20337
2.69 4.20413 1.25883 0.20337
2.695 4.21224 1.26366 0.20337
2.7 4.22037 1.26852 0.20337
2.705 4.23663 1.27827 0.219429
2.71 4.23663 1.27827 0.219429
2.715 4.24473 1.28316 0.219429
2.72 4.25283 1.28805 0.219429
2.725 4.26897 1.2978 0.213099
2.73 4.26897 1.2978 0.213099
2.735 4.27702 1.30269 0.213099
2.74 4.29311 1.31248 0.213099
2.745 4.30114 1.3174 0.209639
2.751 4.30114 1.3174 0.209639
2.755 4.30917 1.32232 0.209639
2.76 4.31718 1.32724 0.209639
2.765 4.33325 1.33714 0.197548
2.77 4.34128 1.3421 0.197548
2.775 4.34128 1.3421 0.197548
2.78 4.34928 1.34706 0.197548
2.785 4.36528 1.35703 0.218188
2.79 4.37327 1.36202 0.218188
2.795 4.37327 1.36202 0.218188
2.8 4.38125 1.36702 0.218188
2.805 4.38924 1.37204 0.212289
2.81 4.39721 1.37706 0.212289
2.815 4.41314 1.38713 0.212289
2.82 4.41314 1.38713 0.212289
2.825 4.42109 1.39218 0.207137
2.831 4.42903 1.39724 0.207137
2.836 4.43696 1.4023 0.207137
2.84 4.44492 1.40739 0.207137
2.845 4.45286 1.41249 0.223105
2.85 4.46078 1.41758 0.223105
2.855 4.4687 1.42267 0.223105
2.86 4.47662 1.42778 0.223105
2.865 4.48453 1.4329 0.216056
2.871 4.49244 1.43802 0.216056
2.875 4.50828 1.4483 0.216056
2.88 4.51618 1.45346 0.216056
2.885 4.51618 1.45346 0.220247
2.89 4.52408 1.45862 0.220247
2.895 4.53196 1.46378 0.220247
2.9 4.53985 1.46896 0.220247
2.905 4.54775 1.47416 0.203874
2.91 4.55567 1.47937 0.203874
2.915 4.56355 1.48457 0.203874
2.92 4.57142 1.48979 0.203874
2.925 4.5871 1.50019 0.225312
2.93 4.5871 1.50019 0.225312
2.935 4.59493 1.50541 0.225312
2.94 4.60277 1.51065 0.225312
2.945 4.61061 1.51591 0.203954
2.95 4.61843 1.52118 0.203954
2.955 4.62625 1.52645 0.203954
2.961 4.63406 1.53172 0.203954
2.965 4.64186 1.537 0.209146
2.97 4.64965 1.54228 0.209146
2.975 4.65743 1.54757 0.209146
2.98 4.66522 1.55289 0.209146
2.985 4.67304 1.55821 0.218306
2.99 4.68084 1.56354 0.218306
2.995 4.68861 1.56887 0.218306
3.0 4.69637 1.5742 0.218306
3.005 4.70412 1.57954 0.216003
3.01 4.71186 1.58489 0.216003
3.015 4.7196 1.59023 0.216003
3.02 4.72733 1.59559 0.216003
3.025 4.73507 1.60098 0.213146
3.03 4.7428 1.60638 0.213146
3.035 4.75052 1.61179 0.213146
3.04 4.75824 1.61719 0.213146
3.045 4.76594 1.62261 0.220254
3.05 4.77362 1.62802 0.220254
3.055 4.7813 1.63343 0.220254
3.06 4.78896 1.63886 0.220254
3.065 4.79661 1.64429 0.205474
3.07 4.80428 1.64975 0.205474
3.075 4.81195 1.65522 0.205474
3.08 4.82727 1.66619 0.205474
3.085 4.82727 1.66619 0.221991
3.09 4.83494 1.6717 0.221991
3.096 4.84259 1.6772 0.221991
3.1 4.85024 1.68271 0.221991
3.105 4.85787 1.68822 0.217845
3.11 4.86549 1.69375 0.217845
3.115 4.8731 1.69929 0.217845
3.12 4.88072 1.70483 0.217845
3.126 4.88831 1.71036 0.206407
3.13 4.89591 1.71591 0.206407
3.135 4.90352 1.72148 0.206407
3.141 4.91871 1.73265 0.206407
3.145 4.91871 1.73265 0.215679
3.15 4.93388 1.74385 0.215679
3.156 4.93388 1.74385 0.215679
3.16 4.94902 1.75507 0.215679
3.165 4.95658 1.76068 0.205512
3.17 4.95658 1.76068 0.205512
3.175 4.96411 1.76628 0.205512
3.18 4.97163 1.77189 0.205512
3.185 4.97914 1.77751 0.216654
3.19 4.98664 1.78313 0.216654
3.195 4.99414 1.78877 0.216654
3.2 5.00166 1.79444 0.216654
3.205 5.00917 1.80011 0.206413
3.21 5.01666 1.80577 0.206413
3.215 5.02416 1.81145 0.206413
3.221 5.03165 1.81715 0.206413
3.225 5.04663 1.82859 0.203894
3.231 5.04663 1.82859 0.203894
3.235 5.05413 1.83434 0.203894
3.24 5.06162 1.84009 0.203894
3.245 5.06911 1.84586 0.222103
3.25 5.07659 1.85163 0.222103
3.255 5.09153 1.86316 0.222103
3.26 5.09153 1.86316 0.222103
3.265 5.09899 1.86895 0.207545
3.27 5.10645 1.87474 0.207545
3.275 5.11388 1.88052 0.207545
3.28 5.12133 1.88632 0.207545
3.285 5.12877 1.89212 0.212703
3.291 5.13622 1.89794 0.212703
3.295 5.15109 1.90962 0.212703
3.3 5.15109 1.90962 0.212703
3.306 5.16589 1.9213 0.206276
3.31 5.16589 1.9213 0.206276
3.315 5.17324 1.92714 0.206276
3.32 5.18058 1.93297 0.206276
3.325 5.18793 1.93883 0.208295
3.33 5.1953 1.9447 0.208295
3.335 5.21005 1.95649 0.208295
3.34 5.21005 1.95649 0.208295
3.345 5.21741 1.96241 0.225819
3.35 5.22476 1.96834 0.225819
3.355 5.23212 1.97428 0.225819
3.36 5.23948 1.98023 0.225819
3.365 5.25416 1.99214 0.202361
3.37 5.25416 1.99214 0.202361
3.375 5.26148 1.99808 0.202361
3.38 5.2761 2.00998 0.202361
3.385 5.2761 2.00998 0.213395
3.39 5.28339 2.01594 0.213395
3.395 5.29067 2.0219 0.213395
3.4 5.29795 2.02788 0.213395
3.405 5.30522 2.03388 0.205906
3.41 5.3125 2.03988 0.205906
3.415 5.31977 2.0459 0.205906
3.42 5.32704 2.05193 0.205906
3.425 5.34153 2.06402 0.223029
3.43 5.34876 2.07006 0.223029
3.435 5.34876 2.07006 0.223029
3.44 5.35599 2.07612 0.223029
3.445 5.37045 2.08825 0.216092
3.45 5.37045 2.08825 0.216092
3.455 5.37767 2.09434 0.216092
3.46 5.3849 2.10043 0.216092
3.465 5.39213 2.10655 0.211044
3.47 5.39935 2.11268 0.211044
3.475 5.40656 2.11881 0.211044
3.48 5.41377 2.12494 0.211044
3.485 5.42097 2.13107 0.20914
3.49 5.42817 2.1372 0.20914
3.495 5.43535 2.14332 0.20914
3.501 5.44254 2.14945 0.20914
3.505 5.44973 2.1556 0.222313
3.51 5.45692 2.16178 0.222313
3.515 5.47128 2.17414 0.222313
3.52 5.47128 2.17414 0.222313
3.525 5.47844 2.18034 0.21103
3.531 5.48559 2.18656 0.21103
3.535 5.48559 2.18656 0.21103
3.54 5.49985 2.199 0.21103
3.545 5.50697 2.20521 0.212851
3.551 5.50697 2.20521 0.212851
3.555 5.52832 2.22392 0.212851
3.56 5.5354 2.23017 0.209345
3.565 5.5354 2.23017 0.211394
3.57 5.54247 2.23642 0.218478
3.575 5.54954 2.24269 0.218478
3.58 5.55661 2.24895 0.218478
3.585 5.56367 2.25522 0.218478
3.591 5.57073 2.2615 0.216871
3.595 5.57777 2.2678 0.216871
3.6 5.5848 2.2741 0.216871
3.605 5.59183 2.28043 0.216871
3.61 5.59887 2.28677 0.223242
3.615 5.60589 2.29313 0.223242
3.62 5.61996 2.30587 0.223242
3.625 5.62699 2.31225 0.223242
3.63 5.62699 2.31225 0.221648
3.635 5.63401 2.31864 0.221648
3.64 5.64101 2.32504 0.221648
3.645 5.64802 2.33144 0.221648
3.65 5.65502 2.33784 0.207875
3.656 5.66202 2.34424 0.223117
3.66 5.66901 2.35065 0.2201
3.665 5.67597 2.35705 0.2201
3.67 5.68292 2.36346 0.2201
3.675 5.68985 2.36988 0.216779
3.68 5.69678 2.3763 0.216779
3.685 5.70369 2.38273 0.216779
3.69 5.71059 2.38916 0.216779
3.695 5.7175 2.39559 0.194358
3.7 5.72441 2.40203 0.194358
3.705 5.73132 2.40849 0.194358
3.71 5.73821 2.41495 0.194358
3.715 5.74509 2.42143 0.20739
3.72 5.75197 2.42793 0.20739
3.725 5.75883 2.43442 0.20739
3.73 5.76569 2.44093 0.20739
3.735 5.77254 2.44744 0.206239
3.74 5.77941 2.45398 0.206239
3.745 5.78627 2.46053 0.206239
3.75 5.79313 2.46708 0.206239
3.755 5.79996 2.47364 0.219725
3.76 5.80678 2.48019 0.219725
3.765 5.81356 2.48674 0.219725
3.77 5.82034 2.4933 0.219725
3.775 5.82711 2.49985 0.215357
3.78 5.84057 2.51294 0.215357
3.785 5.84057 2.51294 0.215357
3.79 5.84729 2.51948 0.215357
3.795 5.854 2.52602 0.207263
3.8 5.8607 2.53258 0.207263
3.805 5.8674 2.53916 0.207263
3.81 5.87411 2.54575 0.207263
3.815 5.8808 2.55233 0.216313
3.82 5.8875 2.55892 0.216313
3.825 5.90092 2.57214 0.216313
3.83 5.90092 2.57214 0.216313
3.835 5.90763 2.57878 0.208254
3.84 5.92099 2.59206 0.208254
3.845 5.92767 2.59872 0.208254
3.85 5.92767 2.59872 0.208254
3.855 5.93435 2.60539 0.221375
3.86 5.94103 2.61209 0.221375
3.865 5.94772 2.61881 0.221375
3.87 5.95441 2.62553 0.221375
3.875 5.96106 2.63225 0.221375
3.88 5.96771 2.63898 0.208713
3.885 5.97435 2.6457 0.208713
3.89 5.98099 2.65242 0.208713
3.895 5.98763 2.65917 0.208713
3.9 5.99425 2.66593 0.219867
3.905 6.00087 2.67268 0.219867
3.91 6.00749 2.67946 0.219867
3.915 6.01411 2.68623 0.219867
3.92 6.02072 2.69299 0.203468
3.925 6.0273 2.69975 0.203468
3.93 6.03386 2.70651 0.203468
3.935 6.0404 2.71327 0.215949
3.94 6.04692 2.72003 0.215949
3.945 6.05343 2.72678 0.215949
3.95 6.06643 2.74026 0.215949
3.955 6.06643 2.74026 0.215949
3.96 6.07293 2.74702 0.212641
3.965 6.07941 2.75381 0.212641
3.97 6.08587 2.76061 0.212641
3.975 6.09235 2.76743 0.212641
3.98 6.09882 2.77427 0.220246
3.985 6.10529 2.78109 0.220246
3.99 6.11176 2.78792 0.220246
3.995 6.11824 2.79478 0.203558
4.0 6.12472 2.80164 0.203558
4.005 6.13121 2.8085 0.203558
4.01 6.13767 2.81538 0.203558
4.015 6.14412 2.82227 0.203558
4.02 6.15056 2.82917 0.21383
4.025 6.15699 2.83608 0.21383
4.03 6.16342 2.843 0.21383
4.035 6.16983 2.84992 0.218463
4.041 6.17622 2.85686 0.218463
4.045 6.18263 2.86381 0.218463
4.05 6.18903 2.87077 0.218463
4.055 6.1954 2.87773 0.218463
4.06 6.20177 2.88469 0.21703
4.065 6.20813 2.89165 0.21703
4.07 6.21448 2.89862 0.21703
4.075 6.22082 2.90559 0.21703
4.08 6.22715 2.91257 0.217489
4.085 6.23346 2.91955 0.217489
4.09 6.23976 2.92653 0.217489
4.095 6.24605 2.9335 0.201938
4.1 6.25233 2.94049 0.201938
4.105 6.25864 2.94749 0.201938
4.11 6.26492 2.95449 0.201938
4.115 6.27119 2.96149 0.201938
4.12 6.27745 2.96848 0.208583
4.125 6.28996 2.9825 0.208583
4.13 6.28996 2.9825 0.208583
4.135 6.29621 2.98954 0.228008
4.14 6.30871 3.00369 0.228008
4.146 6.30871 3.00369 0.228008
4.15 6.31496 3.0108 0.228008
4.155 6.32121 3.01792 0.213528
4.16 6.32745 3.02504 0.213528
4.165 6.33369 3.03218 0.213528
4.17 6.34613 3.04647 0.213528
4.175 6.34613 3.04647 0.210654
4.18 6.35232 3.05361 0.210654
4.185 6.35849 3.06073 0.210654
4.19 6.36465 3.06786 0.210654
4.195 6.37691 3.08209 0.207637
4.2 6.37691 3.08209 0.207637
4.205 6.38305 3.08923 0.207637
4.21 6.38919 3.09639 0.207637
4.215 6.39533 3.10354 0.207637
4.22 6.40146 3.11071 0.218513
4.225 6.4076 3.11789 0.218513
4.23 6.41373 3.1251 0.218513
4.235 6.42596 3.13954 0.215532
4.24 6.42596 3.13954 0.215532
4.245 6.43208 3.14675 0.215532
4.25 6.44431 3.16122 0.215532
4.255 6.45039 3.16845 0.208303
4.261 6.45039 3.16845 0.208303
4.265 6.45647 3.17568 0.208303
4.27 6.46254 3.18291 0.208303
4.275 6.47466 3.19742 0.213936
4.28 6.48069 3.20469 0.213936
4.285 6.48069 3.20469 0.213936
4.29 6.48672 3.21196 0.213936
4.295 6.49875 3.22651 0.207282
4.3 6.49875 3.22651 0.207282
4.305 6.50475 3.2338 0.207282
4.31 6.51073 3.24109 0.207282
4.315 6.5167 3.24837 0.207282
4.32 6.52268 3.25567 0.207265
4.325 6.52863 3.26297 0.207265
4.33 6.53458 3.27028 0.207265
4.335 6.54052 3.27759 0.207265
4.34 6.54644 3.2849 0.209064
4.345 6.55236 3.29221 0.209064
4.35 6.55827 3.29953 0.209064
4.355 6.56417 3.30685 0.199545
4.36 6.57596 3.32152 0.199545
4.365 6.57596 3.32152 0.199545
4.37 6.58187 3.32887 0.199545
4.375 6.58775 3.33621 0.199545
4.38 6.59362 3.34357 0.217799
4.385 6.59949 3.35095 0.217799
4.39 6.60536 3.35834 0.217799
4.395 6.61122 3.36572 0.217799
4.401 6.61707 3.37311 0.210622
4.405 6.62293 3.3805 0.210622
4.41 6.62877 3.38791 0.210622
4.415 6.63461 3.39533 0.210622
4.42 6.64044 3.40276 0.20851
4.425 6.64626 3.4102 0.20851
4.43 6.65209 3.41765 0.20851
4.435 6.6579 3.4251 0.216087
4.44 6.6637 3.43256 0.216087
4.445 6.66947 3.44002 0.216087
4.45 6.67525 3.44748 0.216087
4.455 6.68103 3.45494 0.211672
4.461 6.6868 3.4624 0.211672
4.465 6.69257 3.46988 0.211672
4.47 6.69835 3.47737 0.211672
4.475 6.70412 3.48488 0.210513
4.48 6.71561 3.49996 0.210513
4.485 6.71561 3.49996 0.210513
4.49 6.72135 3.50752 0.210513
4.495 6.72707 3.51508 0.226614
4.5 6.73279 3.52265 0.226614
4.505 6.73848 3.53021 0.226614
4.51 6.74414 3.53775 0.226614
4.515 6.74982 3.54529 0.211984
4.52 6.75549 3.55285 0.211984
4.525 6.76115 3.56042 0.211984
4.53 6.76681 3.568 0.211984
4.535 6.77246 3.57559 0.202302
4.54 6.77812 3.58319 0.202302
4.545 6.78376 3.59079 0.202302
4.55 6.7894 3.59838 0.202302
4.555 6.79504 3.60598 0.217981
4.56 6.80065 3.6136 0.217981
4.565 6.80625 3.62122 0.217981
4.57 6.81743 3.63647 0.217981
4.575 6.81743 3.63647 0.21388
4.58 6.82298 3.64409 0.21388
4.585 6.82849 3.6517 0.21388
4.59 6.83944 3.66686 0.21388
4.595 6.83944 3.66686 0.21388
4.6 6.84492 3.67444 0.217562
4.605 6.8504 3.68202 0.217562
4.61 6.85589 3.68963 0.217562
4.615 6.8614 3.69725 0.210478
4.62 6.86691 3.70488 0.210478
4.625 6.87243 3.71252 0.210478
4.63 6.87792 3.72018 0.210478
4.635 6.8834 3.72785 0.222792
4.64 6.88888 3.73555 0.222792
4.645 6.89437 3.74326 0.222792
4.65 6.89985 3.75099 0.222792
4.655 6.90533 3.75873 0.217953
4.66 6.91079 3.76648 0.217953
4.665 6.91625 3.77424 0.217953
4.67 6.92168 3.78199 0.217953
4.675 6.92711 3.78975 0.210201
4.68 6.93251 3.7975 0.210201
4.685 6.94318 3.81295 0.210201
4.69 6.94318 3.81295 0.210201
4.695 6.9485 3.82065 0.210201
4.7 6.95383 3.82835 0.203016
4.705 6.95916 3.83606 0.203016
4.71 6.9645 3.84377 0.203016
4.715 6.96985 3.85149 0.203016
4.72 6.97519 3.85922 0.206014
4.725 6.98052 3.86698 0.206014
4.73 6.98586 3.87477 0.206014
4.735 6.99119 3.88255 0.206014
4.74 6.9965 3.89033 0.207467
4.745 7.00179 3.89813 0.207467
4.75 7.00709 3.90593 0.207467
4.755 7.01238 3.91376 0.207467
4.76 7.01766 3.92159 0.196367
4.765 7.02292 3.92943 0.196367
4.77 7.02817 3.93726 0.196367
4.775 7.03338 3.94508 0.196367
4.78 7.03858 3.9529 0.210621
4.785 7.04378 3.96073 0.210621
4.79 7.049 3.96859 0.210621
4.795 7.0594 3.98434 0.230515
4.8 7.0594 3.98434 0.230515
4.805 7.0646 3.99221 0.230515
4.81 7.06981 4.0001 0.230515
4.815 7.07502 4.008 0.206799
4.82 7.08022 4.0159 0.206799
4.825 7.08541 4.02382 0.206799
4.83 7.09058 4.03174 0.206799
4.836 7.1009 4.04763 0.220664
4.84 7.1009 4.04763 0.220664
4.846 7.10605 4.05557 0.220664
4.85 7.11119 4.06353 0.220664
4.855 7.11629 4.07147 0.221375
4.86 7.12139 4.07942 0.221375
4.865 7.12647 4.08737 0.221375
4.87 7.13156 4.09533 0.221375
4.875 7.13665 4.1033 0.225529
4.88 7.14173 4.11127 0.225529
4.885 7.14681 4.11926 0.225529
4.89 7.1519 4.12726 0.225529
4.895 7.15695 4.13525 0.215087
4.9 7.16199 4.14324 0.215087
4.905 7.16701 4.15124 0.215087
4.91 7.17203 4.15923 0.215087
4.915 7.17703 4.16723 0.21291
4.92 7.18201 4.17521 0.21291
4.925 7.18695 4.18318 0.21291
4.93 7.19187 4.19112 0.21291
4.935 7.1968 4.19907 0.208577
4.94 7.20173 4.20703 0.208577
4.945 7.20666 4.215 0.208577
4.95 7.21158 4.223 0.208577
4.955 7.21652 4.231 0.225485
4.96 7.22144 4.23902 0.225485
4.965 7.22635 4.24706 0.225485
4.97 7.23126 4.25511 0.225485
4.975 7.23616 4.26318 0.214891
4.981 7.24107 4.27126 0.214891
4.985 7.24597 4.27937 0.214891
4.99 7.25086 4.28748 0.214891
4.995 7.25574 4.2956 0.200478
5.0 7.2606 4.3037 0.200478
5.005 7.26542 4.31179 0.200478
5.01 7.27026 4.31986 0.200478
5.015 7.2751 4.32795 0.217932
5.02 7.27993 4.33604 0.217932
5.025 7.28477 4.34417 0.217932
5.03 7.28959 4.35231 0.217932
5.035 7.2944 4.36046 0.210864
5.04 7.29922 4.3686 0.210864
5.046 7.30403 4.37676 0.210864
5.05 7.31359 4.39307 0.210864
5.055 7.31835 4.40122 0.223937
5.06 7.31835 4.40122 0.223937
5.065 7.32309 4.40938 0.223937
5.07 7.33253 4.42569 0.223937
5.075 7.33253 4.42569 0.214861
5.08 7.33724 4.43381 0.214861
5.085 7.34196 4.44191 0.214861
5.09 7.34668 4.45004 0.214861
5.095 7.35138 4.4582 0.200214
5.1 7.35611 4.46639 0.200214
5.105 7.36084 4.47462 0.200214
5.11 7.36557 4.48287 0.200214
5.115 7.37027 4.49111 0.202433
5.121 7.37497 4.49935 0.202433
5.125 7.37967 4.50761 0.202433
5.13 7.38435 4.51589 0.202433
5.135 7.38902 4.52418 0.196259
5.14 7.39368 4.53249 0.196259
5.145 7.39834 4.5408 0.196259
5.15 7.403 4.54911 0.196259
5.156 7.40766 4.55743 0.221184
5.16 7.41229 4.56575 0.221184
5.165 7.41691 4.57408 0.221184
5.17 7.42149 4.58239 0.221184
5.176 7.42609 4.5907 0.215305
5.18 7.43067 4.59901 0.215305
5.185 7.43525 4.60733 0.215305
5.19 7.43981 4.61566 0.215305
5.195 7.44435 4.62398 0.215919
5.2 7.44886 4.63228 0.215919
5.205 7.45332 4.64056 0.215919
5.21 7.45777 4.64882 0.215919
5.215 7.46222 4.65708 0.210337
5.22 7.46667 4.66534 0.210337
5.225 7.47111 4.67361 0.210337
5.23 7.47558 4.68187 0.210337
5.235 7.48006 4.69012 0.207
5.24 7.48451 4.69839 0.207
5.245 7.48894 4.70667 0.207
5.25 7.49335 4.71497 0.207
5.256 7.49776 4.72327 0.219824
5.26 7.50218 4.73157 0.219824
5.265 7.50659 4.7399 0.219824
5.27 7.51097 4.74824 0.219824
5.275 7.51534 4.75658 0.212524
5.28 7.51972 4.76493 0.212524
5.285 7.52408 4.77329 0.212524
5.29 7.52844 4.78167 0.212524
5.296 7.53281 4.79009 0.18883
5.3 7.53719 4.79853 0.18883
5.305 7.54154 4.80696 0.18883
5.31 7.54589 4.81538 0.18883
5.315 7.55456 4.83227 0.211302
5.32 7.55456 4.83227 0.211302
5.325 7.55888 4.84072 0.211302
5.33 7.56318 4.84918 0.211302
5.335 7.56748 4.85763 0.214778
5.34 7.57178 4.86608 0.214778
5.345 7.58029 4.88295 0.214778
5.35 7.58029 4.88295 0.214778
5.355 7.58453 4.89138 0.20425
5.36 7.58873 4.89979 0.20425
5.365 7.59292 4.9082 0.20425
5.37 7.5971 4.91661 0.20425
5.375 7.60545 4.93344 0.205131
5.38 7.60545 4.93344 0.205131
5.386 7.60961 4.94188 0.205131
5.39 7.61794 4.9588 0.205131
5.395 7.61794 4.9588 0.21254
5.4 7.62213 4.96731 0.21254
5.405 7.6263 4.97581 0.21254
5.41 7.63045 4.98433 0.21254
5.415 7.6346 4.99284 0.198147
5.42 7.63873 5.00137 0.198147
5.425 7.64283 5.00987 0.198147
5.431 7.64691 5.01837 0.198147
5.435 7.65098 5.02686 0.207352
5.44 7.65912 5.04385 0.207352
5.445 7.65912 5.04385 0.207352
5.45 7.66319 5.05235 0.207352
5.455 7.66724 5.06085 0.214073
5.46 7.6713 5.06937 0.214073
5.465 7.6794 5.08645 0.214073
5.47 7.68345 5.09502 0.214073
5.476 7.68345 5.09502 0.2158
5.48 7.68747 5.10358 0.2158
5.485 7.69149 5.11214 0.2158
5.49 7.69551 5.12068 0.2158
5.495 7.69953 5.12924 0.22232
5.5 7.70354 5.13782 0.22232
5.505 7.70753 5.14642 0.22232
5.51 7.71547 5.16364 0.22232
5.515 7.71547 5.16364 0.206619
5.52 7.71943 5.17224 0.206619
5.525 7.72337 5.18082 0.206619
5.53 7.72729 5.1894 0.206619
5.535 7.73508 5.20655 0.212242
5.54 7.73508 5.20655 0.212242
5.545 7.73896 5.21512 0.212242
5.55 7.74286 5.22373 0.212242
5.555 7.75063 5.24098 0.206185
5.56 7.75063 5.24098 0.206185
5.565 7.75452 5.24962 0.206185
5.57 7.75838 5.25827 0.206185
5.575 7.76223 5.26692 0.222793
5.58 7.76609 5.27558 0.222793
5.585 7.76995 5.28426 0.222793
5.59 7.77379 5.29292 0.222793
5.595 7.77761 5.3016 0.208555
5.6 7.78143 5.31029 0.208555
5.605 7.78523 5.31898 0.208555
5.61 7.78902 5.32767 0.208555
5.616 7.7928 5.33636 0.205583
5.62 7.80034 5.35377 0.205583
5.625 7.80034 5.35377 0.205583
5.63 7.80412 5.3625 0.205583
5.635 7.80787 5.37124 0.20844
5.641 7.81529 5.38865 0.20844
5.645 7.81529 5.38865 0.20844
5.65 7.81899 5.39735 0.20844
5.655 7.82268 5.40602 0.206367
5.66 7.82634 5.41469 0.206367
5.665 7.83001 5.42337 0.206367
5.67 7.83368 5.43205 0.206367
5.675 7.83734 5.44076 0.209059
5.68 7.84098 5.44946 0.209059
5.685 7.84462 5.45815 0.209059
5.69 7.85186 5.47552 0.209059
5.696 7.85186 5.47552 0.212348
5.7 7.85548 5.48422 0.212348
5.705 7.85909 5.49292 0.212348
5.71 7.86269 5.50166 0.212348
5.715 7.8699 5.51916 0.222742
5.72 7.8699 5.51916 0.222742
5.725 7.87349 5.52792 0.222742
5.73 7.88064 5.54549 0.222742
5.735 7.8842 5.5543 0.216448
5.74 7.8842 5.5543 0.216448
5.745 7.88774 5.56312 0.216448
5.75 7.89128 5.57193 0.216448
5.756 7.8948 5.58074 0.213936
5.76 7.89831 5.58954 0.213936
5.765 7.90181 5.59834 0.213936
5.77 7.9053 5.60714 0.213936
5.775 7.90878 5.61594 0.218813
5.78 7.91224 5.62474 0.218813
5.785 7.91569 5.63353 0.218813
5.79 7.91915 5.64233 0.218813
5.795 7.92261 5.65113 0.209587
5.8 7.92604 5.65992 0.209587
5.805 7.92946 5.66872 0.209587
5.81 7.93288 5.67753 0.209587
5.815 7.9363 5.68637 0.21462
5.82 7.94312 5.70406 0.21462
5.825 7.94312 5.70406 0.21462
5.83 7.94652 5.71292 0.21462
5.835 7.9499 5.72179 0.21335
5.84 7.95328 5.73067 0.21335
5.845 7.95666 5.73956 0.21335
5.85 7.96 5.74844 0.21335
5.855 7.96332 5.75732 0.222456
5.86 7.96661 5.76617 0.222456
5.865 7.96991 5.77503 0.222456
5.87 7.97321 5.7839 0.222456
5.875 7.97649 5.79276 0.22097
5.88 7.97974 5.80159 0.22097
5.885 7.983 5.81044 0.22097
5.89 7.98626 5.81931 0.22097
5.895 7.9895 5.82819 0.197841
5.9 7.99272 5.83707 0.197841
5.905 7.99593 5.84595 0.197841
5.91 7.99915 5.85483 0.197841
5.915 8.00237 5.86371 0.226115
5.92 8.00557 5.87259 0.226115
5.925 8.00876 5.88149 0.226115
5.93 8.01197 5.8904 0.226115
5.935 8.01519 5.89933 0.224882
5.94 8.01841 5.90831 0.224882
5.945 8.0216 5.91726 0.224882
5.95 8.02474 5.92621 0.224882
5.955 8.03101 5.9441 0.205485
5.96 8.03101 5.9441 0.205485
5.965 8.03412 5.95304 0.205485
5.97 8.03723 5.96198 0.205485
5.975 8.04348 5.97988 0.216046
5.98 8.04348 5.97988 0.216046
5.985 8.04658 5.98885 0.216046
5.99 8.04966 5.99781 0.216046
5.995 8.05272 6.00677 0.217703
6.0 8.05577 6.01573 0.217703
6.005 8.05882 6.0247 0.217703
6.01 8.06187 6.0337 0.217703
6.015 8.06797 6.05168 0.19938
6.02 8.07101 6.06069 0.19938
6.025 8.07404 6.0697 0.19938
6.03 8.07404 6.0697 0.19938
6.035 8.07704 6.0787 0.217659
6.04 8.08003 6.08769 0.217659
6.045 8.08299 6.09668 0.217659
6.05 8.08595 6.10569 0.217659
6.055 8.08893 6.11472 0.217026
6.06 8.09191 6.12377 0.217026
6.065 8.09486 6.13283 0.217026
6.07 8.09779 6.14188 0.217026
6.076 8.1036 6.15997 0.227418
6.08 8.1036 6.15997 0.227418
6.085 8.10645 6.16897 0.227418
6.09 8.10931 6.17797 0.227418
6.095 8.11219 6.18698 0.210134
6.1 8.11506 6.19598 0.210134
6.106 8.11792 6.20499 0.210134
6.11 8.12075 6.214 0.210134
6.115 8.12358 6.223 0.206094
6.121 8.1264 6.23201 0.206094
6.125 8.12921 6.241 0.206094
6.13 8.13199 6.25 0.206094
6.135 8.13753 6.26797 0.209759
6.14 8.13753 6.26797 0.209759
6.145 8.14028 6.27695 0.209759
6.15 8.14302 6.28593 0.209759
6.155 8.14574 6.29493 0.228977
6.16 8.14846 6.30393 0.228977
6.165 8.15117 6.31294 0.228977
6.17 8.15389 6.32196 0.228977
6.175 8.15933 6.34005 0.218899
6.18 8.15933 6.34005 0.218899
6.185 8.16201 6.3491 0.218899
6.19 8.16465 6.35812 0.218899
6.195 8.1673 6.36714 0.207946
6.2 8.16997 6.37616 0.207946
6.206 8.17262 6.3852 0.207946
6.21 8.17525 6.39424 0.207946
6.215 8.17789 6.4033 0.213709
6.22 8.1805 6.41235 0.213709
6.225 8.1831 6.42138 0.213709
6.231 8.18571 6.43044 0.213709
6.235 8.18831 6.43951 0.216153
6.24 8.19348 6.45767 0.216153
6.245 8.19348 6.45767 0.216153
6.25 8.19605 6.46676 0.216153
6.255 8.19861 6.47585 0.212841
6.26 8.20117 6.48495 0.212841
6.265 8.20371 6.49408 0.212841
6.27 8.20627 6.50323 0.212841
6.275 8.20881 6.51238 0.197605
6.281 8.21135 6.52151 0.197605
6.285 8.21387 6.53065 0.197605
6.29 8.21639 6.5398 0.197605
6.295 8.21889 6.54893 0.210284
6.3 8.22137 6.55808 0.210284
6.305 8.22383 6.56723 0.210284
6.31 8.22629 6.57639 0.210284
6.315 8.22873 6.58552 0.218485
6.32 8.23115 6.59464 0.218485
6.325 8.23357 6.60377 0.218485
6.33 8.23837 6.622 0.218485
6.335 8.23837 6.622 0.209769
6.34 8.24075 6.6311 0.209769
6.345 8.24312 6.64021 0.209769
6.35 8.24548 6.64934 0.209769
6.355 8.25023 6.66762 0.198788
6.36 8.25023 6.66762 0.198788
6.365 8.25261 6.67678 0.198788
6.37 8.25497 6.68595 0.198788
6.375 8.2573 6.69511 0.223078
6.38 8.25962 6.70428 0.223078
6.385 8.26194 6.71347 0.223078
6.39 8.26424 6.72267 0.223078
6.395 8.26654 6.73188 0.215677
6.4 8.26884 6.7411 0.215677
6.405 8.27112 6.7503 0.215677
6.41 8.27339 6.75949 0.215677
6.415 8.27564 6.76866 0.216898
6.42 8.27787 6.77782 0.216898
6.425 8.28011 6.787 0.216898
6.43 8.28232 6.79616 0.216898
6.435 8.28674 6.81449 0.209498
6.44 8.28674 6.81449 0.209498
6.446 8.28894 6.82366 0.209498
6.45 8.29113 6.83283 0.209498
6.455 8.29331 6.84202 0.216532
6.462 8.29546 6.8512 0.216532
6.466 8.2976 6.86039 0.216532
6.47 8.29973 6.86958 0.216532
6.475 8.30184 6.87877 0.205384
6.48 8.30395 6.88798 0.205384
6.485 8.30608 6.89722 0.205384
6.49 8.30819 6.90646 0.205384
6.496 8.31028 6.91572 0.212189
6.5 8.31242 6.925 0.212189
6.505 8.31454 6.93427 0.212189
6.51 8.31665 6.94357 0.212189
6.515 8.31873 6.95288 0.211298
6.52 8.32081 6.96218 0.211298
6.525 8.32286 6.97149 0.211298
6.53 8.32489 6.98079 0.211298
6.535 8.32691 6.9901 0.204023
6.54 8.32892 6.99941 0.204023
6.546 8.33094 7.00872 0.204023
6.55 8.33492 7.02734 0.204023
6.555 8.33492 7.02734 0.211144
6.56 8.33689 7.03662 0.211144
6.565 8.34083 7.05521 0.211144
6.57 8.34083 7.05521 0.211144
6.575 8.34279 7.06453 0.220963
6.58 8.34473 7.07385 0.220963
6.585 8.34666 7.08316 0.220963
6.591 8.34859 7.09247 0.220963
6.595 8.3505 7.10178 0.213297
6.6 8.3524 7.1111 0.213297
6.605 8.35428 7.12041 0.213297
6.61 8.35615 7.12972 0.213297
6.615 8.35803 7.13906 0.19424
6.62 8.3599 7.14842 0.19424
6.625 8.36175 7.15778 0.19424
6.63 8.36361 7.16716 0.19424
6.635 8.36724 7.18583 0.219204
6.64 8.36724 7.18583 0.219204
6.645 8.36903 7.19517 0.219204
6.65 8.37082 7.20451 0.219204
6.655 8.37439 7.22324 0.19985
6.66 8.37439 7.22324 0.19985
6.665 8.37618 7.23265 0.19985
6.67 8.37793 7.24206 0.19985
6.675 8.37969 7.2515 0.1943
6.68 8.38144 7.26097 0.1943
6.685 8.38318 7.27045 0.1943
6.69 8.38493 7.27994 0.1943
6.695 8.38665 7.2894 0.23192
6.7 8.38837 7.29887 0.23192
6.705 8.39007 7.30833 0.23192
6.71 8.39175 7.31779 0.23192
6.715 8.39343 7.32724 0.217293
6.72 8.39509 7.33668 0.217293
6.725 8.39675 7.3461 0.217293
6.73 8.39837 7.35549 0.217293
6.735 8.39997 7.36486 0.205063
6.74 8.40322 7.38362 0.205063
6.745 8.40322 7.38362 0.205063
6.75 8.40483 7.39302 0.205063
6.755 8.40641 7.40242 0.220416
6.76 8.40798 7.41182 0.220416
6.765 8.40952 7.4212 0.220416
6.77 8.41106 7.43059 0.220416
6.775 8.41259 7.43999 0.214382
6.78 8.41412 7.44939 0.214382
6.785 8.41566 7.4588 0.214382
6.79 8.41719 7.46821 0.214382
6.795 8.41871 7.4776 0.208383
6.8 8.4202 7.48699 0.208383
6.805 8.42167 7.49638 0.208383
6.81 8.42314 7.50578 0.208383
6.815 8.42462 7.51521 0.214392
6.82 8.42609 7.52465 0.214392
6.825 8.42754 7.53409 0.214392
6.831 8.429 7.54356 0.214392
6.835 8.43044 7.55303 0.221381
6.84 8.43186 7.56246 0.221381
6.845 8.43324 7.57189 0.221381
6.85 8.43461 7.58128 0.221381
6.855 8.43597 7.59066 0.205957
6.86 8.43733 7.60003 0.205957
6.865 8.43867 7.6094 0.205957
6.87 8.44001 7.61879 0.205957
6.875 8.44267 7.63757 0.215833
6.88 8.44267 7.63757 0.215833
6.885 8.44399 7.64694 0.215833
6.89 8.44529 7.65631 0.215833
6.895 8.44657 7.66568 0.205856
6.9 8.44783 7.67503 0.205856
6.905 8.4491 7.68437 0.205856
6.91 8.45037 7.69373 0.205856
6.915 8.45161 7.70308 0.228958
6.92 8.45284 7.71244 0.228958
6.925 8.45408 7.72181 0.228958
6.93 8.4553 7.73118 0.228958
6.935 8.45652 7.74056 0.21322
6.94 8.45773 7.74999 0.21322
6.945 8.45894 7.75942 0.21322
6.95 8.46012 7.76882 0.21322
6.955 8.46129 7.77822 0.221516
6.96 8.4636 7.79699 0.221516
6.966 8.46472 7.80634 0.221516
6.97 8.46472 7.80634 0.221516
6.975 8.46586 7.81569 0.218321
6.98 8.46699 7.82505 0.218321
6.985 8.46809 7.8344 0.218321
6.99 8.46918 7.84375 0.218321
6.995 8.47027 7.85311 0.226713
7.0 8.47133 7.86247 0.226713
7.005 8.47238 7.87184 0.226713
7.01 8.47343 7.88122 0.226713
7.015 8.47448 7.8906 0.21428
7.02 8.47551 7.90001 0.21428
7.025 8.47653 7.90942 0.21428
7.03 8.47755 7.91882 0.21428
7.035 8.47856 7.92824 0.214557
7.04 8.47956 7.93764 0.214557
7.045 8.48054 7.94702 0.214557
7.05 8.48152 7.95639 0.214557
7.055 8.48248 7.96575 0.203811
7.06 8.48343 7.9751 0.203811
7.065 8.48439 7.98447 0.203811
7.07 8.48533 7.99384 0.203811
7.075 8.48625 8.00318 0.216446
7.08 8.48716 8.01253 0.216446
7.085 8.48806 8.02188 0.216446
7.09 8.48895 8.03125 0.216446
7.095 8.48985 8.04062 0.218604
7.1 8.49072 8.04999 0.218604
7.105 8.49158 8.05937 0.218604
7.111 8.49245 8.0688 0.218604
7.115 8.4933 8.07823 0.221037
7.12 8.49414 8.08764 0.221037
7.125 8.49497 8.09708 0.221037
7.131 8.49579 8.10655 0.221037
7.135 8.49661 8.11602 0.215437
7.14 8.4974 8.12548 0.215437
7.145 8.49819 8.13495 0.215437
7.15 8.49897 8.14443 0.215437
7.156 8.50051 8.16342 0.231246
7.16 8.50127 8.17294 0.231246
7.165 8.50127 8.17294 0.231246
7.17 8.50202 8.18247 0.231246
7.175 8.50275 8.19201 0.210381
7.18 8.50348 8.20156 0.210381
7.186 8.50419 8.2111 0.210381
7.19 8.50488 8.22062 0.210381
7.195 8.50555 8.23015 0.212992
7.2 8.5062 8.23965 0.212992
7.205 8.50752 8.25864 0.212992
7.21 8.50752 8.25864 0.212992
7.215 8.50817 8.26814 0.220175
7.22 8.50881 8.27764 0.220175
7.225 8.51007 8.29668 0.220175
7.23 8.51007 8.29668 0.220175
7.235 8.51068 8.30622 0.225173
7.24 8.51187 8.32533 0.225173
7.246 8.51187 8.32533 0.225173
7.25 8.51246 8.3349 0.225173
7.255 8.51303 8.34448 0.215379
7.26 8.5136 8.35405 0.215379
7.265 8.51414 8.3636 0.215379
7.27 8.51466 8.3731 0.215379
7.275 8.51518 8.38259 0.230066
7.28 8.5157 8.39209 0.230066
7.285 8.5162 8.40158 0.230066
7.29 8.51667 8.41103 0.230066
7.295 8.51759 8.42988 0.205333
7.3 8.51805 8.4393 0.205333
7.305 8.51805 8.4393 0.205333
7.31 8.51896 8.45817 0.205333
7.315 8.51939 8.46763 0.216061
7.32 8.51939 8.46763 0.216061
7.325 8.51981 8.47711 0.216061
7.33 8.5202 8.48658 0.216061
7.335 8.5206 8.49607 0.204402
7.34 8.52099 8.50553 0.204402
7.345 8.52137 8.515 0.204402
7.35 8.52176 8.52444 0.204402
7.355 8.52211 8.53386 0.22139
7.36 8.5228 8.55272 0.22139
7.365 8.5228 8.55272 0.22139
7.37 8.52313 8.56216 0.22139
7.376 8.52345 8.57161 0.228324
7.38 8.52376 8.58108 0.228324
7.385 8.52434 8.59997 0.228324
7.391 8.52434 8.59997 0.228324
7.395 8.52463 8.60942 0.217419
7.4 8.5249 8.61885 0.217419
7.405 8.52517 8.62827 0.217419
7.411 8.52542 8.6377 0.217419
7.415 8.52542 8.6377 0.217419
7.42 8.5259 8.65655 0.203039
7.426 8.52634 8.67537 0.203039
7.43 8.52634 8.67537 0.221969
7.436 8.52654 8.68479 0.206926
7.44 8.52673 8.69419 0.219913
7.445 8.52691 8.70361 0.219913
7.45 8.52706 8.71303 0.219913
7.455 8.52723 8.72247 0.219913
7.46 8.52739 8.73191 0.221254
7.465 8.52756 8.74133 0.221254
7.47 8.52771 8.75077 0.221254
7.475 8.52783 8.76022 0.221254
7.48 8.52795 8.76965 0.20343
7.485 8.52805 8.77907 0.209329
7.49 8.52815 8.78849 0.209329
7.495 8.52824 8.79791 0.209329
7.5 8.5283 8.80735 0.224526
7.505 8.52834 8.8168 0.224526
7.51 8.52839 8.82625 0.224526
7.515 8.52843 8.83571 0.224526
7.521 8.52845 8.84517 0.224526
7.525 8.52847 8.85463 0.220289
7.53 8.5285 8.86408 0.220289
7.535 8.52851 8.87352 0.220289
7.54 8.5285 8.88297 0.214449
7.545 8.52849 8.8924 0.214449
7.55 8.52845 8.90183 0.214449
7.555 8.52842 8.91126 0.214449
7.56 8.52836 8.92068 0.210651
7.565 8.5283 8.93011 0.210651
7.57 8.52822 8.93953 0.210651
7.575 8.52814 8.94896 0.210651
7.58 8.52805 8.95836 0.216043
7.585 8.52793 8.96778 0.216043
7.59 8.52779 8.97719 0.216043
7.595 8.52766 8.98663 0.216043
7.6 8.52752 8.99607 0.216043
7.605 8.52737 9.00551 0.205454
7.61 8.52721 9.01494 0.205454
7.615 8.52704 9.02437 0.205454
7.62 8.52689 9.03379 0.205454
7.625 8.52672 9.04321 0.21532
7.63 8.52654 9.05264 0.21532
7.635 8.52635 9.06207 0.21532
7.64 8.52615 9.07152 0.215399
7.645 8.52592 9.08094 0.215399
7.65 8.52569 9.09037 0.215399
7.655 8.52546 9.09979 0.215399
7.66 8.52521 9.10921 0.21224
7.665 8.52496 9.11862 0.21224
7.67 8.5247 9.12804 0.21224
7.675 8.52443 9.13744 0.21224
7.68 8.52414 9.14686 0.214872
7.685 8.52351 9.16571 0.214872
7.69 8.52351 9.16571 0.214872
7.695 8.52318 9.17513 0.214872
7.7 8.52285 9.18455 0.208356
7.705 8.52252 9.19396 0.208356
7.71 8.52216 9.20339 0.208356
7.715 8.52179 9.21282 0.208356
7.72 8.5214 9.22225 0.219076
7.725 8.521 9.23168 0.219076
7.73 8.5206 9.24111 0.219076
7.735 8.52018 9.25054 0.219076
7.74 8.51975 9.25995 0.20572
7.745 8.51931 9.26936 0.20572
7.75 8.51886 9.27878 0.20572
7.755 8.51841 9.28823 0.20572
7.76 8.51795 9.29769 0.214494
7.765 8.51747 9.30717 0.214494
7.77 8.51698 9.31665 0.214494
7.775 8.51648 9.32613 0.214494
7.78 8.51598 9.33561 0.214823
7.785 8.51548 9.34506 0.214823
7.79 8.51496 9.3545 0.214823
7.795 8.51444 9.36392 0.214823
7.801 8.5134 9.38274 0.208582
7.805 8.5134 9.38274 0.208582
7.81 8.51286 9.39214 0.208582
7.816 8.51229 9.40153 0.208582
7.82 8.51171 9.41094 0.218827
7.825 8.51113 9.42036 0.218827
7.83 8.51054 9.42978 0.218827
7.835 8.50932 9.44858 0.218827
7.84 8.50869 9.45798 0.20671
7.845 8.50869 9.45798 0.20671
7.85 8.50805 9.46737 0.20671
7.855 8.50742 9.47676 0.20671
7.86 8.50611 9.4955 0.205395
7.865 8.50611 9.4955 0.205395
7.87 8.50543 9.50485 0.205395
7.875 8.50474 9.51422 0.205395
7.88 8.50404 9.5236 0.204441
7.885 8.50265 9.54234 0.204441
7.89 8.50265 9.54234 0.204441
7.895 8.50195 9.5517 0.204441
7.9 8.50124 9.56107 0.210583
7.905 8.50051 9.57046 0.210583
7.91 8.49977 9.57985 0.210583
7.915 8.49901 9.58926 0.210583
7.92 8.49825 9.59867 0.213618
7.925 8.49747 9.60807 0.213618
7.93 8.49668 9.61746 0.213618
7.935 8.49588 9.62684 0.213618
7.94 8.49507 9.63621 0.219133
7.945 8.49425 9.6456 0.219133
7.95 8.4934 9.655 0.219133
7.955 8.49255 9.66443 0.219133
7.96 8.49171 9.67386 0.222513
7.965 8.49086 9.68325 0.222513
7.97 8.49 9.69263 0.222513
7.975 8.48825 9.7114 0.222513
7.98 8.48825 9.7114 0.21964
7.985 8.48736 9.72078 0.21964
7.99 8.48644 9.73017 0.21964
7.995 8.4855 9.73959 0.21964
8.0 8.48456 9.74902 0.210982
8.005 8.48361 9.75845 0.210982
8.01 8.48265 9.76787 0.210982
8.015 8.48168 9.77728 0.210982
8.02 8.48069 9.78666 0.211259
8.025 8.47971 9.79603 0.211259
8.03 8.47873 9.80537 0.211259
8.035 8.47775 9.81471 0.211259
8.04 8.4757 9.83344 0.208885
8.045 8.4757 9.83344 0.208885
8.05 8.47466 9.84278 0.208885
8.055 8.4736 9.85211 0.208885
8.06 8.47147 9.87084 0.213403
8.065 8.47147 9.87084 0.213403
8.07 8.47039 9.88021 0.213403
8.075 8.46927 9.88963 0.213403
8.08 8.46815 9.89904 0.217518
8.085 8.46704 9.90845 0.217518
8.09 8.46594 9.91786 0.217518
8.095 8.46482 9.92729 0.217518
8.1 8.46251 9.94613 0.20626
8.105 8.46251 9.94613 0.20626
8.11 8.46132 9.95552 0.20626
8.115 8.46012 9.9649 0.20626
8.12 8.45774 9.98361 0.212139
8.125 8.45655 9.99294 0.212139
8.13 8.45655 9.99294 0.212139
8.135 8.45535 10.0023 0.212139
8.14 8.45414 10.0116 0.204693
8.145 8.45292 10.0209 0.204693
8.15 8.45168 10.0302 0.204693
8.155 8.45043 10.0396 0.204693
8.16 8.44918 10.0489 0.233351
8.165 8.44789 10.0582 0.233351
8.17 8.44659 10.0676 0.233351
8.175 8.44527 10.077 0.233351
8.18 8.44393 10.0864 0.221865
8.185 8.44259 10.0958 0.221865
8.19 8.44123 10.1052 0.221865
8.195 8.43987 10.1146 0.221865
8.2 8.43851 10.124 0.217441
8.205 8.43715 10.1335 0.217441
8.21 8.43578 10.1429 0.217441
8.215 8.4344 10.1523 0.217441
8.22 8.43301 10.1617 0.211635
8.225 8.43161 10.171 0.211635
8.231 8.43021 10.1804 0.211635
8.235 8.42879 10.1898 0.211635
8.24 8.42592 10.2085 0.220066
8.246 8.42446 10.2178 0.220066
8.25 8.42446 10.2178 0.220066
8.255 8.42301 10.2272 0.220066
8.26 8.42154 10.2365 0.219996
8.266 8.42006 10.2459 0.219996
8.27 8.41856 10.2553 0.219996
8.275 8.41554 10.2741 0.219996
8.28 8.41554 10.2741 0.211185
8.286 8.41402 10.2834 0.211185
8.29 8.4125 10.2928 0.211185
8.295 8.41098 10.3021 0.211185
8.301 8.4079 10.3208 0.209915
8.305 8.4079 10.3208 0.209915
8.31 8.40634 10.3301 0.209915
8.315 8.40477 10.3395 0.209915
8.32 8.4016 10.3581 0.217996
8.325 8.39999 10.3674 0.217996
8.33 8.39999 10.3674 0.217996
8.335 8.39837 10.3768 0.217996
8.34 8.39673 10.3862 0.222963
8.345 8.39509 10.3955 0.222963
8.351 8.39343 10.4049 0.222963
8.355 8.39177 10.4142 0.222963
8.36 8.3901 10.4235 0.216303
8.366 8.38844 10.4328 0.216303
8.37 8.38676 10.4422 0.216303
8.375 8.38506 10.4515 0.216303
8.38 8.38336 10.4608 0.208008
8.385 8.38165 10.47 0.208008
8.39 8.37994 10.4793 0.208008
8.395 8.37822 10.4886 0.208008
8.4 8.37648 10.4978 0.220317
8.405 8.37474 10.507 0.220317
8.41 8.37298 10.5163 0.220317
8.415 8.37122 10.5255 0.220317
8.42 8.36945 10.5347 0.199399
8.426 8.36765 10.5439 0.199399
8.43 8.36585 10.5532 0.199399
8.435 8.36404 10.5624 0.199399
8.44 8.36222 10.5716 0.212476
8.445 8.36038 10.5809 0.212476
8.45 8.35854 10.5902 0.212476
8.455 8.35668 10.5994 0.212476
8.46 8.35481 10.6087 0.212196
8.465 8.35294 10.618 0.212196
8.47 8.35103 10.6273 0.212196
8.475 8.34911 10.6366 0.212196
8.481 8.34718 10.6459 0.217879
8.485 8.34525 10.6552 0.217879
8.491 8.34333 10.6645 0.217879
8.495 8.34139 10.6738 0.217879
8.5 8.33946 10.6831 0.20408
8.505 8.33751 10.6923 0.20408
8.51 8.33555 10.7016 0.20408
8.515 8.33358 10.7108 0.20408
8.52 8.3316 10.72 0.208509
8.525 8.32961 10.7292 0.208509
8.53 8.32761 10.7385 0.208509
8.535 8.32561 10.7477 0.208509
8.54 8.32359 10.7569 0.218721
8.545 8.32156 10.7661 0.218721
8.55 8.31952 10.7753 0.218721
8.555 8.31748 10.7844 0.218721
8.56 8.31543 10.7936 0.206245
8.565 8.31337 10.8028 0.206245
8.57 8.31129 10.812 0.206245
8.575 8.30921 10.8212 0.206245
8.58 8.3071 10.8305 0.219918
8.585 8.30498 10.8398 0.219918
8.59 8.30284 10.8491 0.219918
8.595 8.30068 10.8584 0.219918
8.6 8.29851 10.8677 0.211656
8.605 8.29633 10.877 0.211656
8.61 8.29415 10.8862 0.211656
8.615 8.29197 10.8955 0.211656
8.62 8.28978 10.9048 0.213701
8.625 8.28758 10.9141 0.213701
8.631 8.28537 10.9233 0.213701
8.635 8.28317 10.9325 0.213701
8.64 8.28096 10.9417 0.218792
8.645 8.27873 10.9509 0.218792
8.65 8.2765 10.9601 0.218792
8.655 8.27426 10.9693 0.218792
8.66 8.27201 10.9784 0.224441
8.665 8.26976 10.9876 0.224441
8.67 8.26521 11.0059 0.224441
8.675 8.26521 11.0059 0.224441
8.68 8.2629 11.015 0.224013
8.685 8.26058 11.0242 0.224013
8.691 8.25824 11.0335 0.224013
8.695 8.2559 11.0427 0.224013
8.7 8.25354 11.0519 0.223682
8.705 8.25119 11.0611 0.223682
8.71 8.24884 11.0703 0.223682
8.715 8.24648 11.0794 0.223682
8.72 8.24411 11.0886 0.219939
8.725 8.24173 11.0977 0.219939
8.73 8.23935 11.1068 0.219939
8.735 8.23696 11.1159 0.219939
8.74 8.23456 11.1251 0.210061
8.746 8.23213 11.1343 0.210061
8.75 8.2297 11.1434 0.210061
8.756 8.22725 11.1526 0.210061
8.76 8.22479 11.1617 0.215312
8.765 8.22234 11.1709 0.215312
8.77 8.21987 11.18 0.215312
8.775 8.21739 11.1892 0.215312
8.78 8.21489 11.1983 0.208036
8.785 8.20986 11.2166 0.208036
8.79 8.20986 11.2166 0.208036
8.795 8.20733 11.2257 0.208036
8.8 8.2048 11.2348 0.221622
8.805 8.19971 11.253 0.221622
8.81 8.19971 11.253 0.221622
8.815 8.19717 11.2621 0.221622
8.82 8.19462 11.2711 0.217982
8.825 8.18949 11.2893 0.217982
8.83 8.18949 11.2893 0.217982
8.836 8.18692 11.2983 0.217982
8.84 8.18433 11.3074 0.21941
8.845 8.17913 11.3254 0.21941
8.85 8.17654 11.3344 0.21941
8.855 8.17654 11.3344 0.21941
8.86 8.17393 11.3434 0.20492
8.865 8.17129 11.3525 0.20492
8.87 8.16863 11.3616 0.20492
8.875 8.16594 11.3707 0.20492
8.88 8.16323 11.3799 0.219418
8.886 8.16052 11.389 0.219418
8.89 8.15781 11.3982 0.219418
8.896 8.15508 11.4073 0.219418
8.9 8.15235 11.4164 0.219119
8.905 8.14962 11.4255 0.219119
8.91 8.14688 11.4346 0.219119
8.915 8.14413 11.4436 0.219119
8.92 8.14137 11.4527 0.216158
8.925 8.1386 11.4618 0.216158
8.93 8.13583 11.4708 0.216158
8.935 8.13305 11.4799 0.216158
8.94 8.13025 11.4889 0.216517
8.945 8.12745 11.4979 0.216517
8.95 8.12465 11.5069 0.216517
8.955 8.12183 11.5159 0.216517
8.96 8.11901 11.5249 0.215923
8.965 8.11617 11.5339 0.215923
8.97 8.11334 11.5429 0.215923
8.975 8.11049 11.5519 0.215923
8.98 8.10763 11.5609 0.214098
8.985 8.10477 11.5698 0.214098
8.99 8.1019 11.5788 0.214098
8.995 8.09902 11.5877 0.214098
9.0 8.09613 11.5966 0.215009
9.005 8.09324 11.6056 0.215009
9.01 8.09033 11.6145 0.215009
9.015 8.08741 11.6234 0.215009
9.02 8.08448 11.6324 0.218167
9.025 8.08153 11.6413 0.218167
9.03 8.07857 11.6503 0.218167
9.035 8.07561 11.6592 0.218167
9.04 8.07263 11.6681 0.216763
9.045 8.06667 11.6859 0.216763
9.05 8.06667 11.6859 0.216763
9.055 8.06367 11.6949 0.216763
9.06 8.06066 11.7038 0.211845
9.065 8.05765 11.7127 0.211845
9.07 8.05159 11.7306 0.211845
9.075 8.05159 11.7306 0.211845
9.08 8.04854 11.7395 0.214205
9.085 8.04548 11.7484 0.214205
9.09 8.03933 11.7662 0.214205
9.095 8.03933 11.7662 0.214205
9.1 8.03626 11.775 0.218484
9.105 8.03315 11.7839 0.218484
9.11 8.03002 11.7928 0.218484
9.115 8.02689 11.8017 0.218484
9.12 8.02375 11.8106 0.214655
9.125 8.02059 11.8195 0.214655
9.13 8.01743 11.8285 0.214655
9.135 8.01424 11.8374 0.214655
9.14 8.01104 11.8464 0.207948
9.145 8.00783 11.8553 0.207948
9.15 8.00461 11.8643 0.207948
9.155 8.00138 11.8732 0.207948
9.16 7.99815 11.8822 0.218085
9.165 7.99491 11.8911 0.218085
9.17 7.99166 11.9 0.218085
9.175 7.98842 11.9089 0.218085
9.18 7.98515 11.9178 0.217649
9.185 7.98189 11.9267 0.217649
9.19 7.97861 11.9356 0.217649
9.195 7.97533 11.9445 0.217649
9.2 7.97204 11.9534 0.216525
9.205 7.96874 11.9622 0.216525
9.21 7.96544 11.9711 0.216525
9.215 7.96212 11.9799 0.216525
9.22 7.9588 11.9887 0.214974
9.225 7.95547 11.9976 0.214974
9.23 7.95214 12.0064 0.214974
9.235 7.9488 12.0152 0.214974
9.24 7.94545 12.024 0.215291
9.245 7.94209 12.0328 0.215291
9.25 7.93534 12.0503 0.215291
9.255 7.93534 12.0503 0.215291
9.26 7.93196 12.0591 0.214914
9.265 7.93196 12.0591 0.214914
9.27 7.92175 12.0854 0.214914
9.275 7.92175 12.0854 0.214914
9.28 7.91832 12.0941 0.222587
9.285 7.91487 12.1029 0.222587
9.29 7.90792 12.1205 0.222587
9.295 7.90792 12.1205 0.222587
9.3 7.90443 12.1293 0.205706
9.305 7.90093 12.1381 0.205706
9.31 7.89391 12.1556 0.205706
9.315 7.89391 12.1556 0.205706
9.32 7.89039 12.1644 0.215204
9.325 7.8833 12.182 0.215204
9.33 7.87974 12.1908 0.215204
9.335 7.87617 12.1996 0.215204
9.34 7.87617 12.1996 0.222594
9.345 7.87259 12.2084 0.222594
9.35 7.869 12.2172 0.222594
9.355 7.8654 12.226 0.222594
9.36 7.85819 12.2435 0.219264
9.365 7.85819 12.2435 0.219264
9.37 7.85457 12.2523 0.219264
9.375 7.84732 12.2698 0.219264
9.38 7.84732 12.2698 0.220652
9.385 7.84368 12.2785 0.220652
9.39 7.84003 12.2872 0.220652
9.395 7.83638 12.2959 0.220652
9.4 7.83272 12.3046 0.219687
9.405 7.82905 12.3133 0.219687
9.41 7.82538 12.322 0.219687
9.415 7.82169 12.3307 0.219687
9.42 7.818 12.3393 0.219287
9.426 7.81431 12.348 0.219287
9.43 7.8106 12.3567 0.219287
9.435 7.80689 12.3653 0.219287
9.44 7.80317 12.3739 0.218898
9.445 7.79944 12.3826 0.218898
9.45 7.79571 12.3912 0.218898
9.455 7.79197 12.3998 0.218898
9.46 7.78822 12.4084 0.218123
9.465 7.78069 12.4256 0.218123
9.471 7.78069 12.4256 0.218123
9.475 7.7769 12.4342 0.218123
9.48 7.7731 12.4428 0.215837
9.485 7.76929 12.4515 0.215837
9.49 7.76546 12.4601 0.215837
9.495 7.76163 12.4687 0.215837
9.5 7.75778 12.4773 0.215125
9.505 7.75392 12.4859 0.215125
9.51 7.75006 12.4945 0.215125
9.515 7.74619 12.5031 0.215125
9.52 7.74231 12.5117 0.215704
9.525 7.73842 12.5203 0.215704
9.53 7.73453 12.5289 0.215704
9.535 7.73062 12.5375 0.215704
9.54 7.72669 12.5461 0.210485
9.545 7.72276 12.5546 0.210485
9.55 7.71882 12.5632 0.210485
9.555 7.71486 12.5718 0.210485
9.56 7.7109 12.5804 0.218425
9.565 7.70693 12.589 0.218425
9.57 7.70295 12.5975 0.218425
9.575 7.69896 12.6061 0.218425
9.58 7.69097 12.6232 0.217417
9.585 7.69097 12.6232 0.217417
9.59 7.68696 12.6318 0.217417
9.595 7.67891 12.6488 0.217417
9.6 7.67891 12.6488 0.21773
9.605 7.67488 12.6573 0.21773
9.61 7.67084 12.6659 0.21773
9.615 7.66678 12.6744 0.21773
9.62 7.65865 12.6914 0.218469
9.625 7.65865 12.6914 0.218469
9.63 7.65457 12.6999 0.218469
9.635 7.65049 12.7084 0.218469
9.64 7.6464 12.7169 0.216928
9.645 7.6423 12.7253 0.216928
9.65 7.6382 12.7338 0.216928
9.655 7.63408 12.7422 0.216928
9.66 7.62997 12.7507 0.2212
9.665 7.62584 12.7591 0.2212
9.671 7.6217 12.7675 0.2212
9.675 7.61755 12.776 0.2212
9.681 7.61339 12.7844 0.207608
9.685 7.60922 12.7929 0.207608
9.69 7.60503 12.8013 0.207608
9.695 7.60084 12.8098 0.207608
9.7 7.59663 12.8182 0.213791
9.705 7.5924 12.8266 0.213791
9.71 7.58816 12.8351 0.213791
9.715 7.58392 12.8435 0.213791
9.72 7.57968 12.8519 0.218324
9.725 7.57544 12.8603 0.218324
9.73 7.57119 12.8686 0.218324
9.735 7.56693 12.877 0.218324
9.74 7.56266 12.8854 0.214374
9.746 7.55837 12.8938 0.214374
9.75 7.55406 12.9022 0.214374
9.755 7.54544 12.919 0.214374
9.76 7.54111 12.9274 0.205856
9.765 7.54111 12.9274 0.205856
9.77 7.53242 12.9442 0.205856
9.775 7.52805 12.9525 0.205856
9.78 7.52805 12.9525 0.212863
9.785 7.52368 12.9609 0.212863
9.79 7.51928 12.9693 0.212863
9.795 7.51488 12.9777 0.212863
9.8 7.51047 12.9861 0.210709
9.805 7.50606 12.9945 0.210709
9.81 7.49721 13.0112 0.210709
9.816 7.49721 13.0112 0.210709
9.82 7.49278 13.0196 0.209999
9.825 7.48834 13.0279 0.209999
9.83 7.4839 13.0362 0.209999
9.835 7.47945 13.0446 0.209999
9.84 7.47053 13.0612 0.209638
9.845 7.47053 13.0612 0.209638
9.85 7.46158 13.0778 0.209638
9.855 7.46158 13.0778 0.209638
9.86 7.4571 13.086 0.20852
9.865 7.45261 13.0943 0.20852
9.87 7.44811 13.1026 0.20852
9.875 7.4391 13.1191 0.20852
9.881 7.4391 13.1191 0.208142
9.885 7.43459 13.1273 0.208142
9.89 7.43459 13.1273 0.208142
9.895 7.42097 13.152 0.208142
9.9 7.42097 13.152 0.212672
9.905 7.4164 13.1602 0.212672
9.91 7.40721 13.1767 0.212672
9.915 7.40721 13.1767 0.212672
9.92 7.40261 13.1849 0.211464
9.925 7.398 13.1931 0.211464
9.93 7.39337 13.2014 0.211464
9.935 7.38406 13.2178 0.211464
9.94 7.38406 13.2178 0.204062
9.945 7.37937 13.2261 0.204062
9.951 7.36996 13.2426 0.204062
9.955 7.36524 13.2509 0.204062
9.96 7.36524 13.2509 0.215484
9.965 7.36524 13.2509 0.215484
9.97 7.35584 13.2673 0.215484
9.975 7.34644 13.2836 0.215484
9.98 7.34174 13.2917 0.21897
9.985 7.34174 13.2917 0.21897
9.99 7.33233 13.3079 0.21897
9.995 7.33233 13.3079 0.21897
10.0 7.32291 13.3241 0.211813
10.005 7.32291 13.3241 0.211813
10.01 7.31818 13.3322 0.211813
10.015 7.31343 13.3403 0.211813
10.02 7.30866 13.3484 0.220249
10.025 7.30387 13.3565 0.220249
10.03 7.29906 13.3647 0.220249
10.035 7.29424 13.3728 0.220249
10.04 7.28939 13.3809 0.218753
10.045 7.28454 13.3891 0.218753
10.05 7.27479 13.4054 0.218753
10.055 7.27479 13.4054 0.218753
10.06 7.26501 13.4217 0.214075
10.065 7.26501 13.4217 0.214075
10.07 7.2601 13.4299 0.214075
10.075 7.25518 13.438 0.214075
10.08 7.25026 13.4461 0.207415
10.085 7.24534 13.4543 0.207415
10.09 7.24041 13.4624 0.207415
10.095 7.23548 13.4705 0.207415
10.101 7.23054 13.4785 0.211488
10.105 7.2256 13.4866 0.211488
10.11 7.21569 13.5027 0.211488
10.115 7.21569 13.5027 0.211488
10.12 7.21071 13.5108 0.213221
10.125 7.21071 13.5108 0.213221
10.13 7.20072 13.5269 0.213221
10.135 7.19569 13.535 0.213221
10.14 7.18563 13.5511 0.207886
10.145 7.18563 13.5511 0.207886
10.15 7.18059 13.5591 0.207886
10.155 7.17556 13.5671 0.207886
10.16 7.17051 13.5751 0.215283
10.165 7.16545 13.5831 0.215283
10.17 7.16039 13.5911 0.215283
10.175 7.15533 13.5991 0.215283
10.18 7.15026 13.6071 0.215283
10.185 7.1452 13.615 0.220683
10.19 7.14011 13.623 0.220683
10.195 7.13504 13.6309 0.220683
10.2 7.12997 13.6389 0.220683
10.205 7.12489 13.6468 0.220942
10.21 7.11981 13.6548 0.220942
10.215 7.11472 13.6627 0.220942
10.22 7.10962 13.6706 0.201796
10.225 7.09942 13.6864 0.201796
10.23 7.09942 13.6864 0.201796
10.235 7.09429 13.6943 0.201796
10.24 7.08914 13.7022 0.201796
10.245 7.08397 13.7101 0.209179
10.25 7.07879 13.718 0.209179
10.255 7.0736 13.726 0.209179
10.26 7.06841 13.7338 0.209179
10.265 7.06321 13.7417 0.211571
10.27 7.05799 13.7496 0.211571
10.275 7.05277 13.7575 0.211571
10.28 7.04229 13.7732 0.202046
10.285 7.03705 13.7811 0.202046
10.29 7.03705 13.7811 0.202046
10.295 7.02656 13.7967 0.202046
10.3 7.02656 13.7967 0.202046
10.305 7.01602 13.8123 0.223916
10.31 7.01072 13.8202 0.223916
10.316 7.00542 13.828 0.223916
10.32 7.00009 13.8358 0.198911
10.325 7.00009 13.8358 0.198911
10.33 7.00009 13.8358 0.198911
10.335 6.98408 13.8592 0.198911
10.34 6.98408 13.8592 0.205376
10.345 6.97873 13.867 0.205376
10.35 6.97339 13.8748 0.205376
10.355 6.96805 13.8825 0.205376
10.36 6.95735 13.898 0.219117
10.365 6.95735 13.898 0.219117
10.371 6.95196 13.9058 0.219117
10.375 6.94657 13.9135 0.219117
10.38 6.93575 13.929 0.209411
10.386 6.93575 13.929 0.209411
10.39 6.93033 13.9368 0.209411
10.395 6.9249 13.9446 0.209411
10.4 6.914 13.9601 0.221812
10.405 6.90854 13.9678 0.221812
10.41 6.90306 13.9756 0.221812
10.415 6.90306 13.9756 0.221812
10.42 6.89756 13.9833 0.221812
10.425 6.89206 13.9911 0.205926
10.43 6.88656 13.9988 0.205926
10.435 6.88106 14.0065 0.205926
10.44 6.87554 14.0141 0.205926
10.445 6.87002 14.0218 0.218242
10.45 6.8645 14.0295 0.218242
10.455 6.85347 14.0449 0.218242
10.46 6.84795 14.0526 0.201265
10.466 6.84795 14.0526 0.201265
10.47 6.83687 14.0679 0.201265
10.475 6.83131 14.0755 0.201265
10.48 6.82575 14.0831 0.208034
10.485 6.82018 14.0907 0.208034
10.49 6.82018 14.0907 0.208034
10.495 6.809 14.106 0.208034
10.5 6.809 14.106 0.208034
10.505 6.80339 14.1136 0.202181
10.51 6.79218 14.1288 0.202181
10.515 6.78657 14.1364 0.202181
10.52 6.78094 14.144 0.212993
10.525 6.77533 14.1515 0.212993
10.53 6.76971 14.159 0.212993
10.535 6.76971 14.159 0.212993
10.54 6.76407 14.1666 0.226616
10.545 6.75842 14.1741 0.226616
10.55 6.74707 14.1892 0.226616
10.555 6.74707 14.1892 0.226616
10.56 6.74136 14.1967 0.21997
10.565 6.72993 14.2118 0.21997
10.57 6.72993 14.2118 0.21997
10.576 6.72419 14.2193 0.21997
10.58 6.71846 14.2269 0.212955
10.585 6.71274 14.2343 0.212955
10.59 6.70702 14.2418 0.212955
10.595 6.70129 14.2493 0.212955
10.6 6.69557 14.2568 0.212955
10.605 6.68984 14.2643 0.212633
10.61 6.68412 14.2717 0.212633
10.615 6.67839 14.2791 0.212633
10.62 6.67264 14.2866 0.212633
10.625 6.66687 14.294 0.222342
10.631 6.65525 14.3089 0.222342
10.635 6.6494 14.3164 0.222342
10.64 6.64356 14.3238 0.221676
10.645 6.64356 14.3238 0.221676
10.65 6.63188 14.3387 0.221676
10.656 6.63188 14.3387 0.221676
10.66 6.62603 14.3461 0.221676
10.665 6.62017 14.3535 0.220086
10.671 6.60841 14.3683 0.220086
10.675 6.60251 14.3757 0.220086
10.68 6.60251 14.3757 0.220086
10.685 6.59661 14.383 0.207367
10.69 6.59072 14.3904 0.211275
10.695 6.58484 14.3977 0.201291
10.7 6.57305 14.4124 0.201291
10.705 6.57305 14.4124 0.201291
10.71 6.56714 14.4197 0.22222
10.715 6.56122 14.427 0.22222
10.72 6.55528 14.4344 0.22222
10.725 6.54342 14.449 0.22222
10.73 6.54342 14.449 0.208834
10.735 6.53749 14.4563 0.208834
10.74 6.53153 14.4636 0.208834
10.745 6.52556 14.4709 0.208834
10.75 6.51957 14.4782 0.208939
10.755 6.51357 14.4855 0.208939
10.76 6.50757 14.4928 0.208939
10.765 6.50157 14.5001 0.208939
10.771 6.49556 14.5073 0.218109
10.775 6.48954 14.5146 0.218109
10.78 6.48352 14.5218 0.218109
10.785 6.47141 14.5363 0.218109
10.79 6.47141 14.5363 0.204984
10.795 6.46535 14.5435 0.204984
10.8 6.4593 14.5507 0.204984
10.805 6.45323 14.5579 0.204984
10.81 6.44714 14.5652 0.214188
10.815 6.44104 14.5724 0.214188
10.82 6.43493 14.5796 0.214188
10.825 6.42883 14.5868 0.214188
10.83 6.41664 14.6012 0.207595
10.835 6.41664 14.6012 0.207595
10.84 6.41053 14.6083 0.207595
10.845 6.40443 14.6155 0.207595
10.85 6.3983 14.6226 0.212892
10.855 6.39216 14.6298 0.212892
10.86 6.38599 14.6369 0.212892
10.865 6.37981 14.6441 0.212892
10.87 6.36742 14.6584 0.2136
10.875 6.36123 14.6655 0.2136
10.88 6.36123 14.6655 0.2136
10.885 6.35502 14.6726 0.2136
10.89 6.34258 14.6868 0.211521
10.895 6.33637 14.6939 0.211521
10.9 6.33637 14.6939 0.211521
10.905 6.33016 14.7009 0.211521
10.91 6.32393 14.708 0.213716
10.915 6.31144 14.7222 0.213716
10.92 6.31144 14.7222 0.213716
10.925 6.30517 14.7293 0.213716
10.93 6.29257 14.7435 0.208255
10.935 6.29257 14.7435 0.208255
10.94 6.28628 14.7506 0.208255
10.945 6.27998 14.7576 0.208255
10.95 6.27367 14.7647 0.221425
10.955 6.26736 14.7717 0.221425
10.96 6.26104 14.7788 0.221425
10.965 6.2547 14.7858 0.221425
10.97 6.24835 14.7929 0.20752
10.975 6.242 14.7999 0.20752
10.98 6.23565 14.8069 0.20752
10.985 6.22931 14.8139 0.20752
10.99 6.22296 14.8209 0.202549
10.995 6.21661 14.8279 0.202549
11.0 6.21025 14.835 0.202549
11.005 6.20389 14.842 0.202549
11.01 6.19752 14.8489 0.221759
11.015 6.19114 14.8559 0.221759
11.02 6.18477 14.8628 0.221759
11.025 6.17839 14.8697 0.221759
11.03 6.1656 14.8835 0.217782
11.035 6.1656 14.8835 0.217782
11.04 6.15922 14.8903 0.217782
11.046 6.15283 14.8972 0.217782
11.05 6.14645 14.904 0.209492
11.055 6.13366 14.9177 0.209492
11.06 6.13366 14.9177 0.209492
11.065 6.12724 14.9245 0.209492
11.07 6.1208 14.9314 0.220219
11.075 6.11434 14.9382 0.220219
11.08 6.10786 14.945 0.220219
11.085 6.10137 14.9519 0.220219
11.09 6.09487 14.9587 0.217749
11.095 6.08837 14.9655 0.217749
11.1 6.08186 14.9723 0.217749
11.105 6.07533 14.9791 0.217749
11.11 6.0688 14.986 0.205532
11.115 6.06227 14.9927 0.205532
11.121 6.05574 14.9995 0.205532
11.125 6.0492 15.0063 0.205532
11.13 6.04266 15.013 0.216737
11.135 6.02955 15.0265 0.216737
11.14 6.02298 15.0333 0.216737
11.145 6.01641 15.04 0.216737
11.15 6.00984 15.0467 0.217177
11.155 6.00328 15.0534 0.217177
11.16 6.00328 15.0534 0.217177
11.165 5.99011 15.0668 0.217177
11.17 5.99011 15.0668 0.218438
11.175 5.97684 15.0803 0.218438
11.181 5.97017 15.087 0.218438
11.185 5.96351 15.0937 0.218438
11.19 5.95687 15.1004 0.198643
11.195 5.95687 15.1004 0.198643
11.2 5.95022 15.1071 0.198643
11.205 5.94355 15.1138 0.198643
11.21 5.93018 15.1272 0.209835
11.215 5.93018 15.1272 0.209835
11.22 5.92349 15.1338 0.209835
11.225 5.91013 15.1471 0.209835
11.231 5.90345 15.1537 0.204132
11.235 5.89678 15.1602 0.204132
11.24 5.8901 15.1668 0.204132
11.245 5.8901 15.1668 0.204132
11.25 5.8834 15.1734 0.198433
11.255 5.87668 15.18 0.198433
11.26 5.86994 15.1866 0.198433
11.266 5.86318 15.1933 0.198433
11.27 5.84962 15.2065 0.20604
11.275 5.84962 15.2065 0.20604
11.28 5.83605 15.2196 0.20604
11.286 5.82929 15.2261 0.20604
11.29 5.82929 15.2261 0.207758
11.295 5.82253 15.2326 0.207758
11.3 5.81576 15.2391 0.207758
11.306 5.80217 15.2521 0.207758
11.31 5.80217 15.2521 0.205396
11.315 5.78851 15.2651 0.205396
11.32 5.78851 15.2651 0.205396
11.325 5.78167 15.2716 0.205396
11.33 5.77483 15.2781 0.219194
11.335 5.76116 15.291 0.219194
11.34 5.75434 15.2975 0.219194
11.345 5.75434 15.2975 0.219194
11.35 5.74748 15.304 0.217461
11.355 5.7406 15.3104 0.217461
11.36 5.73371 15.3169 0.217461
11.365 5.72679 15.3234 0.217461
11.37 5.71987 15.3298 0.209334
11.375 5.71296 15.3362 0.209334
11.381 5.70607 15.3426 0.209334
11.385 5.69919 15.3489 0.209334
11.39 5.69232 15.3553 0.201823
11.395 5.68545 15.3616 0.201823
11.4 5.67857 15.368 0.201823
11.405 5.67167 15.3743 0.201823
11.41 5.66476 15.3806 0.203465
11.415 5.65783 15.3869 0.203465
11.42 5.65087 15.3933 0.203465
11.425 5.64391 15.3996 0.203465
11.43 5.63693 15.406 0.216869
11.435 5.62995 15.4123 0.216869
11.44 5.62294 15.4187 0.216869
11.445 5.61593 15.425 0.216869
11.45 5.60889 15.4314 0.208641
11.455 5.60187 15.4377 0.208641
11.46 5.59487 15.4439 0.208641
11.465 5.58787 15.4502 0.208641
11.47 5.57387 15.4627 0.205567
11.475 5.57387 15.4627 0.205567
11.48 5.56685 15.4689 0.205567
11.485 5.55983 15.4752 0.205567
11.49 5.5528 15.4814 0.219903
11.495 5.54576 15.4877 0.219903
11.5 5.53872 15.4939 0.219903
11.505 5.53166 15.5001 0.219903
11.51 5.53166 15.5001 0.219903
11.515 5.51752 15.5126 0.207594
11.52 5.51043 15.5188 0.207594
11.525 5.49617 15.5312 0.207594
11.53 5.49617 15.5312 0.214663
11.535 5.48901 15.5375 0.214663
11.54 5.48184 15.5437 0.214663
11.545 5.46749 15.5561 0.214663
11.551 5.46034 15.5623 0.205122
11.555 5.46034 15.5623 0.205122
11.56 5.45317 15.5685 0.205122
11.565 5.44602 15.5747 0.205122
11.57 5.43887 15.5808 0.221493
11.575 5.4317 15.587 0.221493
11.58 5.41735 15.5992 0.221493
11.585 5.41735 15.5992 0.221493
11.59 5.41017 15.6053 0.214833
11.595 5.40299 15.6114 0.214833
11.6 5.39582 15.6174 0.214833
11.605 5.38864 15.6235 0.214833
11.61 5.38146 15.6295 0.199919
11.615 5.37427 15.6355 0.199919
11.62 5.36707 15.6416 0.199919
11.625 5.35985 15.6476 0.199919
11.63 5.35264 15.6536 0.209683
11.635 5.34542 15.6596 0.209683
11.64 5.33817 15.6656 0.209683
11.645 5.33092 15.6717 0.209683
11.65 5.32364 15.6777 0.200492
11.655 5.31634 15.6837 0.200492
11.66 5.30905 15.6897 0.200492
11.665 5.30175 15.6957 0.200492
11.67 5.28718 15.7076 0.226208
11.675 5.28718 15.7076 0.226208
11.68 5.27266 15.7194 0.226208
11.685 5.27266 15.7194 0.226208
11.69 5.26539 15.7253 0.207302
11.695 5.2508 15.7371 0.207302
11.7 5.2508 15.7371 0.207302
11.705 5.24347 15.743 0.207302
11.71 5.23612 15.7489 0.214837
11.715 5.22876 15.7548 0.214837
11.72 5.2214 15.7607 0.214837
11.726 5.21404 15.7666 0.214837
11.73 5.20667 15.7725 0.205496
11.735 5.19931 15.7783 0.205496
11.74 5.19194 15.7842 0.205496
11.745 5.18456 15.79 0.205496
11.75 5.1698 15.8017 0.205096
11.755 5.16242 15.8075 0.205096
11.76 5.15501 15.8133 0.205096
11.765 5.14759 15.8191 0.205096
11.77 5.14759 15.8191 0.219175
11.775 5.14018 15.825 0.219175
11.78 5.12532 15.8366 0.219175
11.785 5.12532 15.8366 0.219175
11.79 5.11788 15.8423 0.21611
11.796 5.11043 15.8481 0.21611
11.8 5.10298 15.8539 0.21611
11.805 5.09553 15.8596 0.21611
11.81 5.08809 15.8653 0.226439
11.815 5.07321 15.8768 0.226439
11.82 5.07321 15.8768 0.226439
11.825 5.06577 15.8825 0.226439
11.83 5.05831 15.8882 0.219088
11.835 5.05085 15.8938 0.219088
11.84 5.0359 15.9052 0.219088
11.845 5.02839 15.9109 0.219088
11.85 5.02087 15.9166 0.217096
11.855 5.02087 15.9166 0.217096
11.86 5.01333 15.9222 0.217096
11.865 4.99829 15.9335 0.217096
11.87 4.99829 15.9335 0.219988
11.875 4.98325 15.9448 0.219988
11.88 4.98325 15.9448 0.219988
11.885 4.97572 15.9504 0.219988
11.89 4.96818 15.956 0.220337
11.895 4.96064 15.9616 0.220337
11.9 4.94552 15.9728 0.220337
11.905 4.94552 15.9728 0.220337
11.91 4.93793 15.9785 0.212041
11.915 4.92269 15.9897 0.212041
11.92 4.91504 15.9954 0.212041
11.925 4.90739 16.001 0.215376
11.93 4.89971 16.0066 0.215376
11.935 4.89971 16.0066 0.215376
11.94 4.88434 16.0177 0.215376
11.945 4.87667 16.0233 0.215376
11.95 4.86903 16.0288 0.22029
11.955 4.86903 16.0288 0.22029
11.96 4.86141 16.0342 0.22029
11.965 4.84617 16.0452 0.22029
11.97 4.84617 16.0452 0.221704
11.975 4.83092 16.0561 0.221704
11.98 4.83092 16.0561 0.221704
11.985 4.82327 16.0616 0.221704
11.99 4.81561 16.067 0.21238
11.995 4.80024 16.0779 0.21238
12.0 4.80024 16.0779 0.21238
12.005 4.79253 16.0834 0.21238
12.01 4.78482 16.0888 0.195819
12.015 4.7694 16.0997 0.21897
12.02 4.7694 16.0997 0.21897
12.025 4.76169 16.1051 0.21897
12.03 4.75398 16.1105 0.227236
12.035 4.74625 16.1159 0.227236
12.04 4.73074 16.1267 0.227236
12.045 4.73074 16.1267 0.227236
12.05 4.72296 16.1321 0.227236
12.055 4.7152 16.1375 0.194179
12.06 4.70743 16.1428 0.194179
12.065 4.69966 16.1482 0.194179
12.07 4.69188 16.1535 0.217386
12.075 4.68412 16.1588 0.217386
12.081 4.67634 16.1641 0.217386
12.085 4.66079 16.1747 0.217386
12.09 4.66079 16.1747 0.217386
12.095 4.653 16.18 0.21759
12.1 4.64522 16.1852 0.21759
12.105 4.63742 16.1905 0.21759
12.11 4.62963 16.1957 0.21759
12.115 4.62184 16.201 0.201637
12.121 4.61404 16.2062 0.19848
12.125 4.60626 16.2114 0.205665
12.13 4.59845 16.2166 0.205665
12.135 4.59062 16.2219 0.205665
12.14 4.58277 16.2271 0.220246
12.145 4.56705 16.2375 0.220246
12.151 4.55918 16.2427 0.220246
12.155 4.55131 16.2479 0.220246
12.16 4.55131 16.2479 0.20769
12.165 4.54343 16.253 0.20769
12.17 4.53555 16.2582 0.20769
12.175 4.52764 16.2634 0.20769
12.18 4.51181 16.2737 0.222704
12.185 4.51181 16.2737 0.222704
12.19 4.50389 16.2789 0.222704
12.195 4.48801 16.2892 0.222704
12.2 4.48006 16.2943 0.202554
12.205 4.48006 16.2943 0.202554
12.21 4.4721 16.2994 0.202554
12.216 4.46412 16.3046 0.202554
12.22 4.45614 16.3097 0.202554
12.225 4.44816 16.3148 0.205881
12.23 4.44018 16.3199 0.205881
12.235 4.4322 16.325 0.205881
12.24 4.42422 16.33 0.204042
12.245 4.40823 16.3401 0.204042
12.25 4.40823 16.3401 0.204042
12.255 4.40022 16.3451 0.204042
12.26 4.39223 16.3501 0.204115
12.265 4.38425 16.3551 0.204115
12.27 4.37629 16.36 0.204115
12.275 4.36833 16.365 0.204115
12.28 4.36036 16.3699 0.215421
12.285 4.35239 16.3749 0.215421
12.29 4.3444 16.3798 0.215421
12.295 4.3364 16.3848 0.215421
12.3 4.32838 16.3897 0.207206
12.305 4.32038 16.3946 0.207206
12.31 4.31237 16.3995 0.207206
12.315 4.30436 16.4044 0.207206
12.32 4.29635 16.4093 0.217819
12.325 4.28029 16.4192 0.217819
12.33 4.27224 16.4241 0.217819
12.335 4.27224 16.4241 0.217819
12.34 4.25611 16.4338 0.221606
12.345 4.25611 16.4338 0.221606
12.35 4.24804 16.4387 0.221606
12.355 4.23997 16.4435 0.221606
12.36 4.22382 16.4532 0.205569
12.365 4.21573 16.458 0.205569
12.37 4.20764 16.4628 0.205569
12.375 4.19956 16.4676 0.205569
12.38 4.19956 16.4676 0.223414
12.385 4.19148 16.4724 0.223414
12.39 4.18339 16.4772 0.223414
12.395 4.16717 16.4867 0.223414
12.4 4.15904 16.4915 0.220514
12.405 4.15091 16.4963 0.220514
12.41 4.14278 16.501 0.220514
12.415 4.14278 16.501 0.220514
12.421 4.13466 16.5057 0.211939
12.425 4.12651 16.5105 0.211939
12.43 4.11836 16.5152 0.211939
12.435 4.11018 16.52 0.211939
12.44 4.10198 16.5247 0.222148
12.445 4.09375 16.5294 0.222148
12.45 4.0855 16.5342 0.222148
12.455 4.07727 16.5389 0.222148
12.46 4.06905 16.5436 0.206354
12.465 4.06082 16.5483 0.206354
12.47 4.05259 16.5529 0.206354
12.475 4.04437 16.5576 0.206354
12.48 4.0279 16.5668 0.205034
12.485 4.0279 16.5668 0.205034
12.49 4.0197 16.5714 0.205034
12.495 4.01152 16.576 0.205034
12.5 4.00333 16.5805 0.213394
12.505 3.99512 16.5851 0.213394
12.511 3.9869 16.5897 0.213394
12.515 3.97866 16.5943 0.213394
12.52 3.9704 16.5989 0.212666
12.525 3.95384 16.608 0.212666
12.53 3.95384 16.608 0.212666
12.536 3.94556 16.6126 0.212666
12.54 3.93728 16.6171 0.203061
12.545 3.93728 16.6171 0.203061
12.55 3.91245 16.6306 0.203061
12.555 3.90419 16.6351 0.203061
12.56 3.90419 16.6351 0.220083
12.565 3.88769 16.644 0.220083
12.571 3.87944 16.6484 0.220083
12.575 3.87944 16.6484 0.220083
12.58 3.87117 16.6529 0.21947
12.585 3.85463 16.6617 0.21947
12.59 3.85463 16.6617 0.21947
12.596 3.84636 16.6661 0.21947
12.6 3.83806 16.6705 0.202053
12.605 3.82975 16.6749 0.202053
12.61 3.81315 16.6837 0.202053
12.615 3.81315 16.6837 0.202053
12.62 3.80482 16.6881 0.21448
12.625 3.78813 16.6968 0.21448
12.631 3.78813 16.6968 0.21448
12.635 3.77977 16.7011 0.21448
12.64 3.7714 16.7055 0.219356
12.645 3.7546 16.7142 0.219356
12.65 3.7546 16.7142 0.219356
12.655 3.73775 16.7229 0.219356
12.66 3.73775 16.7229 0.20596
12.665 3.72933 16.7272 0.20596
12.67 3.72091 16.7315 0.20596
12.675 3.70411 16.74 0.20596
12.68 3.70411 16.74 0.210494
12.685 3.69571 16.7443 0.210494
12.691 3.67891 16.7528 0.210494
12.695 3.67891 16.7528 0.210494
12.7 3.66209 16.7613 0.212389
12.705 3.66209 16.7613 0.212389
12.71 3.65368 16.7655 0.212389
12.715 3.65368 16.7655 0.212389
12.72 3.62842 16.7781 0.214734
12.725 3.62842 16.7781 0.214734
12.73 3.61155 16.7864 0.214734
12.735 3.61155 16.7864 0.214734
12.74 3.59461 16.7948 0.205711
12.745 3.58613 16.799 0.205711
12.75 3.57764 16.8031 0.205711
12.755 3.56915 16.8073 0.205711
12.76 3.56915 16.8073 0.205796
12.765 3.56915 16.8073 0.205796
12.77 3.55217 16.8155 0.205796
12.775 3.54365 16.8197 0.205796
12.78 3.5266 16.8279 0.225059
12.785 3.5266 16.8279 0.225059
12.79 3.51807 16.832 0.225059
12.795 3.50103 16.8402 0.225059
12.8 3.50103 16.8402 0.214828
12.805 3.49251 16.8443 0.214828
12.81 3.48397 16.8483 0.214828
12.815 3.47542 16.8524 0.214828
12.82 3.46687 16.8564 0.21748
12.825 3.45832 16.8604 0.21748
12.83 3.44976 16.8645 0.21748
12.835 3.4412 16.8685 0.21748
12.84 3.4412 16.8685 0.21748
12.845 3.41561 16.8804 0.219286
12.85 3.40707 16.8843 0.219286
12.855 3.40707 16.8843 0.219286
12.86 3.38999 16.8922 0.212947
12.865 3.38999 16.8922 0.212947
12.87 3.38142 16.8961 0.212947
12.875 3.37285 16.9001 0.212947
12.881 3.35569 16.9079 0.214757
12.885 3.34711 16.9118 0.214757
12.89 3.33853 16.9156 0.214757
12.895 3.33853 16.9156 0.214757
12.9 3.32134 16.9234 0.225898
12.905 3.31273 16.9273 0.225898
12.91 3.31273 16.9273 0.225898
12.916 3.29551 16.9349 0.225898
12.92 3.2869 16.9388 0.202054
12.925 3.2869 16.9388 0.202054
12.93 3.26967 16.9464 0.202054
12.936 3.26104 16.9502 0.202054
12.94 3.26104 16.9502 0.209569
12.945 3.24376 16.9579 0.209569
12.95 3.23512 16.9617 0.209569
12.955 3.22647 16.9654 0.209569
12.96 3.22647 16.9654 0.21137
12.965 3.21783 16.9692 0.21137
12.97 3.20918 16.973 0.21137
12.975 3.19187 16.9804 0.21137
12.98 3.19187 16.9804 0.215343
12.985 3.18322 16.9841 0.215343
12.99 3.17456 16.9878 0.215343
12.995 3.15723 16.9952 0.215343
13.0 3.15723 16.9952 0.222294
13.005 3.14855 16.9989 0.222294
13.011 3.13989 17.0026 0.222294
13.015 3.13121 17.0063 0.222294
13.02 3.12252 17.01 0.219581
13.025 3.11383 17.0137 0.219581
13.031 3.10513 17.0173 0.219581
13.035 3.09642 17.021 0.219581
13.04 3.07899 17.0282 0.220666
13.045 3.07899 17.0282 0.220666
13.05 3.07027 17.0318 0.220666
13.055 3.06154 17.0354 0.220666
13.06 3.04411 17.0426 0.215218
13.065 3.04411 17.0426 0.215218
13.07 3.03538 17.0462 0.215218
13.075 3.01794 17.0533 0.215218
13.08 3.00921 17.0568 0.220591
13.085 3.00921 17.0568 0.220591
13.09 3.00047 17.0603 0.220591
13.095 2.98292 17.0674 0.220591
13.1 2.97414 17.0709 0.208899
13.105 2.97414 17.0709 0.208899
13.11 2.95658 17.0779 0.208899
13.115 2.95658 17.0779 0.208899
13.12 2.9478 17.0814 0.211954
13.125 2.93903 17.0849 0.211954
13.13 2.92145 17.0918 0.211954
13.135 2.92145 17.0918 0.211954
13.14 2.90383 17.0987 0.216637
13.145 2.89503 17.1021 0.216637
13.15 2.89503 17.1021 0.216637
13.155 2.88625 17.1055 0.216637
13.16 2.86866 17.1122 0.210056
13.165 2.85988 17.1156 0.210056
13.17 2.85108 17.1189 0.210056
13.175 2.85108 17.1189 0.210056
13.18 2.8335 17.1256 0.219179
13.185 2.82472 17.1289 0.219179
13.19 2.82472 17.1289 0.219179
13.195 2.81593 17.1322 0.219179
13.2 2.79833 17.1388 0.208107
13.205 2.79833 17.1388 0.208107
13.21 2.7807 17.1454 0.208107
13.215 2.7807 17.1454 0.208107
13.22 2.76308 17.1519 0.221625
13.225 2.76308 17.1519 0.221625
13.23 2.75427 17.1552 0.221625
13.235 2.74544 17.1585 0.221625
13.24 2.7366 17.1617 0.216726
13.245 2.72774 17.165 0.216726
13.25 2.71886 17.1682 0.216726
13.255 2.70104 17.1747 0.216726
13.26 2.69213 17.1779 0.207332
13.265 2.69213 17.1779 0.207332
13.27 2.68322 17.1812 0.207332
13.275 2.6654 17.1875 0.207332
13.28 2.65648 17.1907 0.217224
13.285 2.64756 17.1939 0.217224
13.29 2.64756 17.1939 0.217224
13.295 2.63864 17.197 0.217224
13.3 2.62075 17.2033 0.193405
13.305 2.61181 17.2065 0.193405
13.31 2.60286 17.2096 0.193405
13.315 2.60286 17.2096 0.193405
13.32 2.59392 17.2127 0.196774
13.325 2.58497 17.2158 0.196774
13.33 2.56703 17.222 0.196774
13.335 2.56703 17.222 0.196774
13.34 2.55808 17.225 0.209842
13.345 2.54018 17.2311 0.209842
13.35 2.54018 17.2311 0.209842
13.355 2.52231 17.2371 0.209842
13.36 2.51337 17.2401 0.223207
13.365 2.51337 17.2401 0.223207
13.37 2.49551 17.2461 0.223207
13.375 2.48659 17.2491 0.223207
13.38 2.48659 17.2491 0.213232
13.385 2.47768 17.252 0.213232
13.39 2.46877 17.2549 0.213232
13.395 2.45985 17.2579 0.213232
13.4 2.45092 17.2608 0.203991
13.405 2.44198 17.2637 0.203991
13.41 2.43306 17.2666 0.203991
13.415 2.42413 17.2695 0.203991
13.421 2.41519 17.2724 0.205568
13.425 2.40625 17.2753 0.205568
13.43 2.3973 17.2782 0.205568
13.435 2.38833 17.281 0.205568
13.44 2.37038 17.2867 0.223925
13.445 2.37038 17.2867 0.223925
13.45 2.35239 17.2924 0.223925
13.455 2.35239 17.2924 0.223925
13.46 2.33444 17.2979 0.220888
13.465 2.33444 17.2979 0.220888
13.47 2.33444 17.2979 0.220888
13.475 2.30756 17.3063 0.220888
13.48 2.29861 17.309 0.224357
13.485 2.28964 17.3118 0.224357
13.49 2.28964 17.3118 0.224357
13.495 2.28067 17.3145 0.224357
13.5 2.26266 17.32 0.219948
13.505 2.26266 17.32 0.219948
13.511 2.24458 17.3254 0.219948
13.515 2.23555 17.3281 0.219948
13.52 2.23555 17.3281 0.203471
13.525 2.21743 17.3335 0.203471
13.53 2.21743 17.3335 0.203471
13.535 2.20837 17.3362 0.203471
13.54 2.1993 17.3389 0.217419
13.545 2.19024 17.3415 0.217419
13.55 2.1812 17.3441 0.217419
13.555 2.16316 17.3494 0.217419
13.561 2.16316 17.3494 0.201687
13.565 2.15415 17.3519 0.201687
13.57 2.14514 17.3545 0.201687
13.575 2.13612 17.3572 0.201687
13.58 2.11802 17.3623 0.208273
13.585 2.11802 17.3623 0.208273
13.59 2.09988 17.3675 0.208273
13.595 2.0908 17.37 0.208273
13.6 2.0908 17.37 0.219809
13.605 2.08169 17.3725 0.219809
13.61 2.06346 17.3776 0.219809
13.615 2.06346 17.3776 0.219809
13.62 2.05431 17.3801 0.224823
13.625 2.04517 17.3827 0.224823
13.63 2.03602 17.3852 0.224823
13.635 2.02688 17.3877 0.224823
13.64 2.00855 17.3926 0.201632
13.645 2.00855 17.3926 0.201632
13.65 1.99936 17.3951 0.201632
13.655 1.98098 17.4 0.201632
13.66 1.98098 17.4 0.218957
13.665 1.96261 17.4049 0.218957
13.67 1.95342 17.4073 0.218957
13.675 1.95342 17.4073 0.218957
13.68 1.94423 17.4097 0.218044
13.685 1.93503 17.4122 0.218044
13.691 1.91671 17.4169 0.218044
13.695 1.91671 17.4169 0.218044
13.7 1.90753 17.4193 0.216458
13.705 1.89836 17.4216 0.216458
13.71 1.88916 17.424 0.216458
13.715 1.87994 17.4263 0.216458
13.72 1.86144 17.431 0.208651
13.725 1.86144 17.431 0.208651
13.73 1.84292 17.4356 0.208651
13.735 1.83368 17.4379 0.208651
13.74 1.82447 17.4402 0.21037
13.745 1.82447 17.4402 0.21037
13.75 1.81529 17.4424 0.21037
13.755 1.80612 17.4447 0.21037
13.76 1.79697 17.4469 0.200847
13.765 1.77863 17.4514 0.200847
13.77 1.77863 17.4514 0.200847
13.775 1.76029 17.4558 0.219512
13.78 1.76029 17.4558 0.219512
13.785 1.74193 17.4602 0.219512
13.79 1.73274 17.4623 0.219512
13.795 1.73274 17.4623 0.219512
13.8 1.72355 17.4645 0.214135
13.805 1.70517 17.4688 0.214135
13.81 1.70517 17.4688 0.214135
13.815 1.69598 17.4709 0.214135
13.82 1.68678 17.473 0.219112
13.825 1.66831 17.4773 0.219112
13.83 1.66831 17.4773 0.219112
13.835 1.65906 17.4794 0.219112
13.841 1.6498 17.4815 0.210827
13.845 1.63131 17.4857 0.210827
13.85 1.63131 17.4857 0.210827
13.855 1.61282 17.4897 0.210827
13.86 1.61282 17.4897 0.215955
13.865 1.60355 17.4918 0.215955
13.87 1.59427 17.4939 0.215955
13.875 1.58499 17.496 0.215955
13.88 1.57571 17.498 0.207943
13.885 1.55716 17.502 0.207943
13.89 1.55716 17.502 0.207943
13.895 1.54789 17.504 0.207943
13.9 1.53862 17.506 0.218744
13.905 1.52935 17.5079 0.218744
13.91 1.52007 17.5099 0.218744
13.915 1.51079 17.5118 0.218744
13.92 1.49223 17.5157 0.213711
13.925 1.48295 17.5176 0.213711
13.93 1.48295 17.5176 0.213711
13.935 1.47369 17.5195 0.213711
13.94 1.45518 17.5232 0.215607
13.946 1.44592 17.5251 0.215607
13.95 1.44592 17.5251 0.215607
13.955 1.43666 17.527 0.215607
13.96 1.43666 17.527 0.215607
13.965 1.40887 17.5325 0.213809
13.97 1.40887 17.5325 0.213809
13.976 1.39961 17.5343 0.213809
13.98 1.39036 17.5361 0.213809
13.985 1.37191 17.5396 0.221271
13.99 1.36271 17.5414 0.221271
13.995 1.36271 17.5414 0.221271
14.0 1.34435 17.5449 0.221271
14.005 1.33515 17.5467 0.213697
14.01 1.32595 17.5484 0.213697
14.015 1.32595 17.5484 0.213697
14.02 1.3075 17.5519 0.213697
14.025 1.3075 17.5519 0.227107
14.03 1.29825 17.5536 0.227107
14.035 1.27975 17.5569 0.227107
14.041 1.27048 17.5586 0.227107
14.045 1.27048 17.5586 0.215393
14.05 1.25192 17.5619 0.215393
14.055 1.24265 17.5635 0.215393
14.06 1.24265 17.5635 0.215393
14.065 1.24265 17.5635 0.215393
14.071 1.2241 17.5668 0.214324
14.075 1.21479 17.5684 0.214324
14.081 1.20546 17.57 0.214324
14.085 1.18677 17.5732 0.222353
14.091 1.18677 17.5732 0.222353
14.095 1.168 17.5764 0.222353
14.1 1.168 17.5764 0.222353
14.105 1.15862 17.5779 0.219179
14.11 1.13986 17.5811 0.219179
14.115 1.13986 17.5811 0.219179
14.12 1.12115 17.5841 0.219179
14.126 1.12115 17.5841 0.217832
14.13 1.10245 17.5871 0.217832
14.135 1.10245 17.5871 0.217832
14.14 1.0838 17.59 0.217832
14.145 1.0838 17.59 0.212707
14.15 1.06515 17.593 0.212707
14.155 1.06515 17.593 0.212707
14.16 1.05585 17.5944 0.212707
14.165 1.03726 17.5972 0.208992
14.17 1.03726 17.5972 0.208992
14.176 1.02796 17.5986 0.208992
14.18 1.01866 17.6 0.208992
14.185 1.01866 17.6 0.208992
14.19 1.00007 17.6028 0.227038
14.195 0.990763 17.6041 0.227038
14.2 0.981452 17.6055 0.227038
14.207 0.972149 17.6069 0.209664
14.21 0.953554 17.6095 0.209664
14.215 0.953554 17.6095 0.209664
14.22 0.944248 17.6109 0.209664
14.225 0.93493 17.6122 0.218451
14.23 0.916285 17.6148 0.218451
14.235 0.916285 17.6148 0.218451
14.241 0.906953 17.616 0.218451
14.245 0.897611 17.6173 0.208713
14.25 0.888255 17.6186 0.208713
14.255 0.878922 17.6198 0.208713
14.26 0.869606 17.6211 0.208713
14.265 0.860312 17.6223 0.221342
14.27 0.841734 17.6246 0.221342
14.275 0.841734 17.6246 0.221342
14.28 0.832429 17.6258 0.221342
14.285 0.823121 17.627 0.21873
14.29 0.813813 17.6282 0.21873
14.295 0.813813 17.6282 0.21873
14.301 0.795149 17.6305 0.21873
14.305 0.776487 17.6327 0.220409
14.31 0.776487 17.6327 0.220409
14.315 0.767142 17.6339 0.220409
14.32 0.757812 17.635 0.220409
14.325 0.748489 17.6361 0.214721
14.33 0.739175 17.6372 0.214721
14.335 0.729851 17.6382 0.214721
14.34 0.720508 17.6393 0.214721
14.345 0.711151 17.6404 0.203896
14.35 0.701789 17.6414 0.203896
14.355 0.692415 17.6425 0.203896
14.361 0.683017 17.6435 0.203896
14.365 0.664188 17.6456 0.218887
14.37 0.664188 17.6456 0.218887
14.375 0.654773 17.6466 0.218887
14.38 0.645396 17.6476 0.218887
14.385 0.62664 17.6495 0.218239
14.39 0.62664 17.6495 0.218239
14.395 0.607881 17.6514 0.218239
14.4 0.607881 17.6514 0.218239
14.406 0.598515 17.6524 0.224285
14.41 0.589134 17.6533 0.224285
14.415 0.579773 17.6542 0.224285
14.421 0.570417 17.6551 0.224285
14.426 0.561073 17.656 0.223037
14.43 0.542337 17.6578 0.223037
14.436 0.542337 17.6578 0.223037
14.44 0.532945 17.6587 0.223037
14.445 0.532945 17.6587 0.223037
14.45 0.514187 17.6604 0.216409
14.455 0.5048 17.6612 0.216409
14.46 0.495433 17.662 0.216409
14.466 0.48607 17.6629 0.214878
14.47 0.47672 17.6636 0.214878
14.475 0.467346 17.6645 0.214878
14.48 0.457965 17.6652 0.214878
14.485 0.448566 17.666 0.210712
14.49 0.439179 17.6668 0.210712
14.495 0.429791 17.6676 0.210712
14.5 0.4204 17.6683 0.210712
14.505 0.411028 17.669 0.219495
14.51 0.40166 17.6698 0.219495
14.515 0.392302 17.6705 0.219495
14.52 0.382914 17.6712 0.219495
14.525 0.373521 17.6719 0.217999
14.53 0.36411 17.6726 0.217999
14.535 0.354689 17.6733 0.217999
14.54 0.345267 17.6739 0.217999
14.545 0.335869 17.6746 0.226994
14.55 0.326489 17.6752 0.226994
14.555 0.317126 17.6758 0.226994
14.56 0.307744 17.6765 0.226994
14.565 0.298357 17.6771 0.213072
14.57 0.288984 17.6777 0.213072
14.575 0.279602 17.6783 0.213072
14.58 0.270218 17.6789 0.213072
14.585 0.260827 17.6794 0.205857
14.59 0.251439 17.68 0.205857
14.595 0.242047 17.6806 0.205857
14.602 0.232628 17.6811 0.205857
14.605 0.213784 17.6822 0.21674
14.61 0.213784 17.6822 0.21674
14.615 0.204366 17.6827 0.21674
14.62 0.194955 17.6832 0.21674
14.625 0.185563 17.6837 0.208924
14.63 0.176161 17.6842 0.208924
14.635 0.166758 17.6846 0.208924
14.64 0.157338 17.6851 0.208924
14.645 0.14791 17.6855 0.21613
14.65 0.138465 17.686 0.21613
14.655 0.129011 17.6864 0.21613
14.66 0.119554 17.6868 0.21613
14.665 0.110111 17.6872 0.216069
14.67 0.0912013 17.688 0.216069
14.675 0.0912013 17.688 0.216069
14.68 0.0817608 17.6884 0.216069
14.685 0.0723286 17.6888 0.221825
14.69 0.0628654 17.6891 0.221825
14.695 0.0534155 17.6894 0.221825
14.7 0.0439774 17.6898 0.221825
14.705 0.0345489 17.6901 0.218444
14.71 0.0251162 17.6904 0.218444
14.715 0.0251162 17.6904 0.218444
14.72 -0.00309542 17.6913 0.218444
14.725 -0.00309542 17.6913 0.213682
14.73 -0.0124849 17.6916 0.213682
14.735 -0.0218766 17.6919 0.213682
14.74 -0.031242 17.6922 0.213682
14.745 -0.0406033 17.6924 0.221304
14.75 -0.0499601 17.6927 0.221304
14.755 -0.059314 17.6929 0.221304
14.76 -0.0780776 17.6934 0.221304
14.765 -0.0780776 17.6934 0.221228
14.77 -0.0874826 17.6936 0.221228
14.776 -0.0968929 17.6938 0.221228
14.78 -0.1063 17.6939 0.221228
14.785 -0.115705 17.6941 0.218561
14.791 -0.125109 17.6943 0.218561
14.795 -0.134511 17.6944 0.218561
14.8 -0.14391 17.6945 0.218561
14.805 -0.162722 17.6948 0.224091
14.81 -0.172141 17.6949 0.224091
14.815 -0.172141 17.6949 0.224091
14.82 -0.190964 17.6951 0.224091
14.826 -0.200377 17.6952 0.225992
14.83 -0.209768 17.6952 0.225992
14.835 -0.209768 17.6952 0.225992
14.84 -0.219148 17.6953 0.225992
14.845 -0.228536 17.6953 0.204807
14.85 -0.247343 17.6954 0.204807
14.855 -0.256764 17.6954 0.204807
14.86 -0.256764 17.6954 0.204807
14.865 -0.266181 17.6954 0.20537
14.87 -0.275588 17.6954 0.20537
14.875 -0.284997 17.6954 0.20537
14.88 -0.294393 17.6953 0.20537
14.885 -0.303797 17.6953 0.206655
14.89 -0.31318 17.6953 0.206655
14.895 -0.322576 17.6952 0.206655
14.9 -0.331986 17.6951 0.206655
14.905 -0.341409 17.6951 0.205762
14.91 -0.350838 17.695 0.205762
14.915 -0.360282 17.6949 0.205762
14.92 -0.369732 17.6947 0.205762
14.925 -0.379198 17.6946 0.227664
14.93 -0.388668 17.6945 0.227664
14.935 -0.398154 17.6943 0.227664
14.94 -0.407648 17.6942 0.227664
14.945 -0.417153 17.694 0.225919
14.95 -0.426671 17.6938 0.225919
14.955 -0.436195 17.6937 0.225919
14.96 -0.445735 17.6935 0.225919
14.965 -0.455278 17.6932 0.224945
14.97 -0.464827 17.693 0.224945
14.975 -0.474379 17.6928 0.224945
14.98 -0.493526 17.6923 0.224945
14.985 -0.493526 17.6923 0.220413
14.99 -0.503116 17.6921 0.220413
14.996 -0.503116 17.6921 0.220413
15.0 -0.503116 17.6921 0.220413
